29
JQ290188.1 0.0000000 0.0000010 0.0041482 0.1405150 0.1416141 0.1415029 0.1241522 0.1233505 0.1252478 0.1215422 0.1243601 0.1269582 0.1232457 0.1368322 0.1233695 0.1250620 0.1260815 0.1312425 0.1250961 0.1271037 0.1234306 0.1265332 0.1278685 0.1261331 0.1279312 0.1261034 0.1299374 0.1252455 0.1298113 
JQ290180.1 0.0000010 0.0000000 0.0041482 0.1405150 0.1416141 0.1415029 0.1241522 0.1233505 0.1252478 0.1215422 0.1243601 0.1269582 0.1232457 0.1368322 0.1233695 0.1250620 0.1260815 0.1312425 0.1250961 0.1271037 0.1234306 0.1265332 0.1278685 0.1261331 0.1279312 0.1261034 0.1299374 0.1252455 0.1298113 
JQ290164.1 0.0041482 0.0041482 0.0000000 0.1416822 0.1427850 0.1426717 0.1252416 0.1244381 0.1263436 0.1226218 0.1254523 0.1280604 0.1243320 0.1379810 0.1244577 0.1261552 0.1271803 0.1323670 0.1261901 0.1282081 0.1245188 0.1276369 0.1289743 0.1272330 0.1290380 0.1272030 0.1310547 0.1263409 0.1309273 
KM064505.1 0.1405150 0.1405150 0.1416822 0.0000000 0.0121010 0.0127197 0.0228513 0.0164341 0.0228175 0.0215184 0.0202433 0.0240847 0.0234896 0.0312884 0.0228015 0.0234947 0.0247301 0.0267748 0.0227940 0.0248143 0.0215353 0.0241011 0.0234478 0.0234479 0.0241571 0.0241536 0.0260458 0.0235229 0.0254484 
KM064322.1 0.1416141 0.1416141 0.1427850 0.0121010 0.0000000 0.0005883 0.0215617 0.0151783 0.0208332 0.0215075 0.0189691 0.0220897 0.0221973 0.0286439 0.0220878 0.0222021 0.0227290 0.0247469 0.0208119 0.0228061 0.0208282 0.0221046 0.0214585 0.0214584 0.0227358 0.0221528 0.0253137 0.0222286 0.0254349 
KM064301.1 0.1415029 0.1415029 0.1426717 0.0127197 0.0005883 0.0000000 0.0222018 0.0158032 0.0214693 0.0221461 0.0196023 0.0227281 0.0228387 0.0292989 0.0227262 0.0228436 0.0233688 0.0253935 0.0214473 0.0234481 0.0214641 0.0227435 0.0220957 0.0220957 0.0233759 0.0227931 0.0259599 0.0222278 0.0260840 
GQ895050.1 0.1241522 0.1241522 0.1252416 0.0228513 0.0215617 0.0222018 0.0000000 0.0071811 0.0053828 0.0053775 0.0072053 0.0065880 0.0017693 0.0139232 0.0065875 0.0017696 0.0071948 0.0102838 0.0053775 0.0078077 0.0053815 0.0065921 0.0071954 0.0059841 0.0071968 0.0071955 0.0096395 0.0017716 0.0102723 
GQ895044.1 0.1233505 0.1233505 0.1244381 0.0164341 0.0151783 0.0158032 0.0071811 0.0000000 0.0071694 0.0071623 0.0053555 0.0083758 0.0077862 0.0163947 0.0083752 0.0077878 0.0089841 0.0120865 0.0071623 0.0090146 0.0071677 0.0083811 0.0089848 0.0077710 0.0089866 0.0083999 0.0114355 0.0077969 0.0120730 
GQ895037.1 0.1252478 0.1252478 0.1263436 0.0228175 0.0208332 0.0214693 0.0053828 0.0071694 0.0000000 0.0035512 0.0053535 0.0023636 0.0059861 0.0126442 0.0023634 0.0059873 0.0041489 0.0071757 0.0011790 0.0035547 0.0011783 0.0023650 0.0029579 0.0017711 0.0029575 0.0029580 0.0047476 0.0059943 0.0083812 
GQ895034.1 0.1215422 0.1215422 0.1226218 0.0215184 0.0215075 0.0221461 0.0053775 0.0071623 0.0035512 0.0000000 0.0053483 0.0047423 0.0059802 0.0126311 0.0035495 0.0059814 0.0053409 0.0083821 0.0035484 0.0059444 0.0023628 0.0047452 0.0053413 0.0041460 0.0053423 0.0053414 0.0065463 0.0059883 0.0083728 
GQ895031.1 0.1243601 0.1243601 0.1254523 0.0202433 0.0189691 0.0196023 0.0072053 0.0053555 0.0053535 0.0053483 0.0000000 0.0065525 0.0078125 0.0126554 0.0065520 0.0078141 0.0071561 0.0102287 0.0053483 0.0059718 0.0053522 0.0065566 0.0071567 0.0059518 0.0071581 0.0065714 0.0095879 0.0078232 0.0102173 
GQ895027.1 0.1269582 0.1269582 0.1280604 0.0240847 0.0220897 0.0227281 0.0065880 0.0083758 0.0023636 0.0047423 0.0065525 0.0000000 0.0071931 0.0138667 0.0023613 0.0071945 0.0041452 0.0083830 0.0023612 0.0047467 0.0023630 0.0023629 0.0041467 0.0029560 0.0041475 0.0041467 0.0053447 0.0072029 0.0095915 
GQ895022.1 0.1232457 0.1232457 0.1243320 0.0234896 0.0221973 0.0228387 0.0017693 0.0077862 0.0059861 0.0059802 0.0078125 0.0071931 0.0000000 0.0145410 0.0071925 0.0023616 0.0078011 0.0108981 0.0059802 0.0084156 0.0059847 0.0071976 0.0078017 0.0065882 0.0078032 0.0078019 0.0102508 0.0023643 0.0108859 
GQ895019.1 0.1368322 0.1368322 0.1379810 0.0312884 0.0286439 0.0292989 0.0139232 0.0163947 0.0126442 0.0126311 0.0126554 0.0138667 0.0145410 0.0000000 0.0138655 0.0145441 0.0132486 0.0157376 0.0126311 0.0151165 0.0126412 0.0138756 0.0144865 0.0132530 0.0144896 0.0144872 0.0169840 0.0145618 0.0176420 
GQ895010.1 0.1233695 0.1233695 0.1244577 0.0228015 0.0220878 0.0227262 0.0065875 0.0083752 0.0023634 0.0035495 0.0065520 0.0023613 0.0071925 0.0138655 0.0000000 0.0071940 0.0053411 0.0083824 0.0023611 0.0047464 0.0011791 0.0035520 0.0041464 0.0029557 0.0041472 0.0041464 0.0053457 0.0072023 0.0095907 
GQ895003.1 0.1250620 0.1250620 0.1261552 0.0234947 0.0222021 0.0228436 0.0017696 0.0077878 0.0059873 0.0059814 0.0078141 0.0071945 0.0023616 0.0145441 0.0071940 0.0000000 0.0078026 0.0109004 0.0059814 0.0084173 0.0059859 0.0071990 0.0078033 0.0065895 0.0078048 0.0078034 0.0102529 0.0023647 0.0108882 
GQ895000.1 0.1260815 0.1260815 0.1271803 0.0247301 0.0227290 0.0233688 0.0071948 0.0089841 0.0041489 0.0053409 0.0071561 0.0041452 0.0078011 0.0132486 0.0053411 0.0078026 0.0000000 0.0089917 0.0041448 0.0065468 0.0041479 0.0041478 0.0059420 0.0047440 0.0059431 0.0059421 0.0071481 0.0078117 0.0102021 
GQ894995.1 0.1312425 0.1312425 0.1323670 0.0267748 0.0247469 0.0253935 0.0102838 0.0120865 0.0071757 0.0083821 0.0102287 0.0083830 0.0108981 0.0157376 0.0083824 0.0109004 0.0089917 0.0000000 0.0071686 0.0096077 0.0071740 0.0083883 0.0089924 0.0077778 0.0089942 0.0089926 0.0114447 0.0109132 0.0120861 
GQ385935.1 0.1250961 0.1250961 0.1261901 0.0227940 0.0208119 0.0214473 0.0053775 0.0071623 0.0011790 0.0035484 0.0053483 0.0023612 0.0059802 0.0126311 0.0023611 0.0059814 0.0041448 0.0071686 0.0000000 0.0035517 0.0011787 0.0023627 0.0029550 0.0005883 0.0029556 0.0029550 0.0053441 0.0059883 0.0083728 
GQ385932.1 0.1271037 0.1271037 0.1282081 0.0248143 0.0228061 0.0234481 0.0078077 0.0090146 0.0035547 0.0059444 0.0059718 0.0047467 0.0084156 0.0151165 0.0047464 0.0084173 0.0065468 0.0096077 0.0035517 0.0000000 0.0035538 0.0047497 0.0053464 0.0041499 0.0053474 0.0017692 0.0077592 0.0084271 0.0108209 
GQ385931.1 0.1234306 0.1234306 0.1245188 0.0215353 0.0208282 0.0214641 0.0053815 0.0071677 0.0011783 0.0023628 0.0053522 0.0023630 0.0059847 0.0126412 0.0011791 0.0059859 0.0041479 0.0071740 0.0011787 0.0035538 0.0000000 0.0023644 0.0029573 0.0017707 0.0029578 0.0029573 0.0035522 0.0059929 0.0083793 
GQ385929.1 0.1265332 0.1265332 0.1276369 0.0241011 0.0221046 0.0227435 0.0065921 0.0083811 0.0023650 0.0047452 0.0065566 0.0023629 0.0071976 0.0138756 0.0035520 0.0071990 0.0041478 0.0083883 0.0023627 0.0047497 0.0023644 0.0000000 0.0041492 0.0029578 0.0041500 0.0041493 0.0053480 0.0072074 0.0095975 
GQ385926.1 0.1278685 0.1278685 0.1289743 0.0234478 0.0214585 0.0220957 0.0071954 0.0089848 0.0029579 0.0053413 0.0071567 0.0041467 0.0078017 0.0144865 0.0041464 0.0078033 0.0059420 0.0089924 0.0029550 0.0053464 0.0029573 0.0041492 0.0000000 0.0035513 0.0047456 0.0047447 0.0071507 0.0078124 0.0102029 
GQ385923.1 0.1261331 0.1261331 0.1272330 0.0234479 0.0214584 0.0220957 0.0059841 0.0077710 0.0017711 0.0041460 0.0059518 0.0029560 0.0065882 0.0132530 0.0029557 0.0065895 0.0047440 0.0077778 0.0005883 0.0041499 0.0017707 0.0029578 0.0035513 0.0000000 0.0035520 0.0035514 0.0059469 0.0065971 0.0089846 
GQ385920.1 0.1279312 0.1279312 0.1290380 0.0241571 0.0227358 0.0233759 0.0071968 0.0089866 0.0029575 0.0053423 0.0071581 0.0041475 0.0078032 0.0144896 0.0041472 0.0078048 0.0059431 0.0089942 0.0029556 0.0053474 0.0029578 0.0041500 0.0047456 0.0035520 0.0000000 0.0047456 0.0071521 0.0078139 0.0102050 
GQ385918.1 0.1261034 0.1261034 0.1272030 0.0241536 0.0221528 0.0227931 0.0071955 0.0083999 0.0029580 0.0053414 0.0065714 0.0041467 0.0078019 0.0144872 0.0041464 0.0078034 0.0059421 0.0089926 0.0029550 0.0017692 0.0029573 0.0041493 0.0047447 0.0035514 0.0047456 0.0000000 0.0071508 0.0078125 0.0102033 
GQ385915.1 0.1299374 0.1299374 0.1310547 0.0260458 0.0253137 0.0259599 0.0096395 0.0114355 0.0047476 0.0065463 0.0095879 0.0053447 0.0102508 0.0169840 0.0053457 0.0102529 0.0071481 0.0114447 0.0053441 0.0077592 0.0035522 0.0053480 0.0071507 0.0059469 0.0071521 0.0071508 0.0000000 0.0102649 0.0126637 
GQ385912.1 0.1252455 0.1252455 0.1263409 0.0235229 0.0222286 0.0222278 0.0017716 0.0077969 0.0059943 0.0059883 0.0078232 0.0072029 0.0023643 0.0145618 0.0072023 0.0023647 0.0078117 0.0109132 0.0059883 0.0084271 0.0059929 0.0072074 0.0078124 0.0065971 0.0078139 0.0078125 0.0102649 0.0000000 0.0109010 
GQ385909.1 0.1298113 0.1298113 0.1309273 0.0254484 0.0254349 0.0260840 0.0102723 0.0120730 0.0083812 0.0083728 0.0102173 0.0095915 0.0108859 0.0176420 0.0095907 0.0108882 0.0102021 0.0120861 0.0083728 0.0108209 0.0083793 0.0095975 0.0102029 0.0089846 0.0102050 0.0102033 0.0126637 0.0109010 0.0000000 
