148
U26830.1   0.0000000 0.0808261 0.0842310 0.0866236 0.0869799 7.0734939 7.1448501 0.0841805 7.0659115 0.0858055 0.0830454 0.0809204 0.0875334 0.0860054 0.0882341 0.0865988 0.0874526 7.0485302 0.0840969 0.0863265 0.0899042 0.0851659 0.0899553 0.0961138 0.0878281 0.0691426 0.0900839 0.0918263 0.0478441 0.0919763 0.0491932 0.0867579 0.0931823 0.0934551 0.0949231 0.0485651 0.0892703 0.0935101 0.0909372 0.0893384 0.0963017 0.0884424 0.0932007 0.0684459 0.1197328 0.1157580 0.1166991 0.1211226 0.1166694 0.1179079 0.1158007 0.1103845 0.1198203 0.1176777 0.1158458 0.1175432 0.1185188 0.1205251 0.1158386 0.1167996 0.1166342 0.1187630 0.1214957 0.1176692 0.1187995 0.1284859 0.1310498 0.1284901 0.1257075 0.1211046 0.1330202 0.1251888 0.1284859 0.1303050 0.1284655 0.1275789 0.1295558 0.1303050 0.1298120 0.1266237 0.1254278 0.1247889 0.1257206 0.1297282 0.1258046 0.1284998 0.1266237 0.1322871 0.1094707 0.1139478 0.1301440 0.1314553 0.1352547 0.1295638 0.1279266 0.1307806 0.1103745 0.1298792 0.1331851 0.1153679 0.1266237 0.1370206 0.1122588 0.1119442 0.1313975 0.1197356 0.1268930 0.1239198 0.1277014 0.1560233 0.1544936 0.1613439 0.1482036 0.1501471 0.1530969 0.1561384 0.1524627 0.1572442 0.1551563 0.1514597 0.1482415 0.1624075 0.1481774 0.1540050 0.1664617 0.1492445 0.1645759 0.1511464 0.1507979 0.1568832 0.1624999 0.1634840 0.1625527 0.1624999 0.1645205 0.1631145 0.1635256 0.1671310 0.1670090 0.1657884 0.1613519 0.1655769 0.1645782 0.1645205 0.1669560 0.1615619 0.1639346 0.1648848 
EU021276.1 0.0808261 0.0000000 0.0158555 0.0102550 0.0121530 7.1063792 7.2008585 0.0127100 7.1544686 0.0108693 0.0108422 0.0114726 0.0114967 0.0108886 0.0127216 0.0102524 0.0108717 7.1361673 0.0023671 0.0096901 0.0127259 0.0133468 0.0127317 0.0187838 0.0109107 0.0216492 0.0130397 0.1227345 0.0446088 0.0143257 0.0389793 0.0127457 0.0153139 0.0168518 0.0165864 0.0411397 0.0124118 0.0168597 0.0136733 0.0124194 0.0188107 0.0130397 0.0165783 0.0203660 0.0396927 0.0376636 0.0369903 0.0418394 0.0357412 0.0391607 0.0376741 0.0287301 0.0398743 0.0377005 0.0390649 0.0390649 0.0383762 0.0403818 0.0363124 0.0384245 0.0352720 0.0396708 0.0410510 0.0390779 0.0389869 0.0477776 0.0515474 0.0470016 0.0448523 0.0475165 0.0513618 0.0504904 0.0477776 0.0520512 0.0469939 0.0470682 0.0485312 0.0520512 0.0497415 0.0463445 0.0448103 0.0503776 0.0456382 0.0485955 0.0455323 0.0477819 0.0463445 0.0498915 0.0280628 0.0327543 0.0521274 0.0526300 0.0534591 0.0506508 0.0497818 0.0533883 0.0287344 0.0533795 0.0553124 0.0356698 0.0463445 0.0549631 0.0327379 0.0300755 0.0492361 0.0405671 0.0464288 0.0468087 0.0494332 0.0744521 0.0735384 0.0784014 0.0710768 0.0695182 0.0718443 0.0728448 0.0712096 0.0729534 0.0729128 0.0704257 0.0710933 0.0793035 0.0710447 0.0758182 0.0825454 0.0718818 0.0809829 0.0719273 0.0701796 0.0763486 0.0867233 0.0875274 0.0867732 0.0867233 0.0883596 0.0869999 0.0875484 0.0902384 0.0902289 0.0892841 0.0858538 0.0833807 0.0883874 0.0883596 0.0843151 0.0859652 0.0885249 0.0826798 
EU199362.1 0.0842310 0.0158555 0.0000000 0.0177701 0.0197538 7.0618488 7.1546458 0.0152249 7.1087489 0.0184017 0.0127163 0.0164824 0.0190545 0.0184353 0.0203074 0.0190326 0.0184059 7.0908456 0.0183874 0.0172263 0.0203144 0.0184017 0.0203240 0.0255625 0.0184731 0.0242851 0.0209948 0.1276896 0.0461111 0.0223198 0.0404410 0.0190651 0.0223960 0.0248888 0.0237084 0.0426188 0.0203562 0.0249011 0.0216422 0.0203693 0.0255995 0.0209948 0.0236968 0.0216967 0.0484573 0.0463133 0.0456253 0.0506075 0.0457765 0.0478769 0.0463267 0.0371087 0.0486158 0.0463604 0.0477578 0.0477578 0.0470508 0.0491629 0.0449309 0.0471096 0.0452608 0.0484288 0.0483935 0.0477740 0.0477307 0.0567690 0.0606778 0.0574279 0.0552024 0.0564338 0.0604531 0.0580618 0.0567690 0.0626551 0.0574183 0.0560405 0.0575519 0.0626551 0.0602342 0.0552942 0.0551466 0.0608751 0.0545690 0.0576280 0.0544945 0.0567743 0.0552942 0.0604186 0.0377868 0.0398586 0.0597620 0.0632196 0.0626189 0.0597236 0.0617673 0.0640122 0.0384807 0.0640014 0.0630384 0.0428774 0.0552942 0.0641727 0.0398377 0.0398644 0.0590717 0.0493277 0.0553964 0.0557068 0.0599708 0.0860273 0.0834464 0.0901383 0.0808939 0.0792882 0.0816826 0.0843658 0.0810475 0.0844838 0.0844369 0.0802397 0.0809129 0.0910545 0.0808601 0.0857833 0.0927485 0.0817260 0.0928046 0.0834284 0.0799511 0.0863555 0.0987547 0.0995848 0.0988067 0.0987547 0.1004471 0.0990780 0.0996091 0.1024272 0.1024064 0.1014187 0.0978462 0.0952789 0.1004792 0.1004471 0.0945921 0.0979720 0.1006423 0.0929064 
EU199367.1 0.0866236 0.0102550 0.0177701 0.0000000 0.0029723 7.1424566 7.2378048 0.0158408 7.1912558 0.0005889 0.0114699 0.0145879 0.0023691 0.0017755 0.0035567 0.0059780 0.0029625 7.1727282 0.0127317 0.0005925 0.0035578 0.0164898 0.0035594 0.0108557 0.0023722 0.0236114 0.0053654 0.1248567 0.0466204 0.0065828 0.0411061 0.0035631 0.0072088 0.0077882 0.0084341 0.0432881 0.0047644 0.0077919 0.0047636 0.0047673 0.0108703 0.0053654 0.0084301 0.0210314 0.0321840 0.0302763 0.0296220 0.0343151 0.0303534 0.0317044 0.0302844 0.0216631 0.0323908 0.0303059 0.0316286 0.0316286 0.0309617 0.0328531 0.0303040 0.0310004 0.0306209 0.0321673 0.0335062 0.0316388 0.0315018 0.0400186 0.0436441 0.0399037 0.0378245 0.0411815 0.0434917 0.0426664 0.0400186 0.0455642 0.0398973 0.0393309 0.0407421 0.0455642 0.0433365 0.0386318 0.0377913 0.0439658 0.0379471 0.0407958 0.0378093 0.0400221 0.0386318 0.0427007 0.0216287 0.0255538 0.0442275 0.0461474 0.0461272 0.0428014 0.0447688 0.0468804 0.0222770 0.0468727 0.0487158 0.0289543 0.0386318 0.0475802 0.0255417 0.0235733 0.0442370 0.0330615 0.0387005 0.0404927 0.0429966 0.0682562 0.0681767 0.0721116 0.0657674 0.0642366 0.0665222 0.0674872 0.0658890 0.0657794 0.0657435 0.0651192 0.0657824 0.0730064 0.0657364 0.0704225 0.0761830 0.0665565 0.0746465 0.0681609 0.0648957 0.0682534 0.0802691 0.0810587 0.0803171 0.0802691 0.0818741 0.0805210 0.0810779 0.0836982 0.0820417 0.0827728 0.0794210 0.0770002 0.0818996 0.0818741 0.0779055 0.0795240 0.0820236 0.0763030 
EU199370.1 0.0869799 0.0121530 0.0197538 0.0029723 0.0000000 7.0481033 7.1413065 0.0177992 7.0951063 0.0035708 0.0133782 0.0165325 0.0053806 0.0035770 0.0053728 0.0078272 0.0047741 7.0771457 0.0146574 0.0023872 0.0053746 0.0184580 0.0053770 0.0121510 0.0041813 0.0243516 0.0066056 0.1263703 0.0467964 0.0078364 0.0412591 0.0047788 0.0090769 0.0090524 0.0103157 0.0434502 0.0059989 0.0090567 0.0059980 0.0060027 0.0121676 0.0066056 0.0103114 0.0217554 0.0332243 0.0317811 0.0311207 0.0358622 0.0318623 0.0332282 0.0317897 0.0230744 0.0339225 0.0318122 0.0331481 0.0331481 0.0324744 0.0338955 0.0318105 0.0325152 0.0316492 0.0332069 0.0345502 0.0331589 0.0325396 0.0416346 0.0453035 0.0415146 0.0394129 0.0428019 0.0451439 0.0443059 0.0416346 0.0472381 0.0415079 0.0409399 0.0423670 0.0472381 0.0449819 0.0402331 0.0393778 0.0456145 0.0395414 0.0424230 0.0394100 0.0416383 0.0402331 0.0443418 0.0230374 0.0270048 0.0451688 0.0478217 0.0478117 0.0444466 0.0464305 0.0485636 0.0236926 0.0478314 0.0504288 0.0304458 0.0402331 0.0492811 0.0269918 0.0250024 0.0458988 0.0346001 0.0403052 0.0421059 0.0446489 0.0710331 0.0701308 0.0749480 0.0676918 0.0661442 0.0684546 0.0694367 0.0678179 0.0677044 0.0676671 0.0670396 0.0677074 0.0758502 0.0676603 0.0723992 0.0790707 0.0684901 0.0775154 0.0701146 0.0668071 0.0710302 0.0832170 0.0840169 0.0832662 0.0832170 0.0848437 0.0834812 0.0840370 0.0867011 0.0850189 0.0857583 0.0823554 0.0798998 0.0848704 0.0848437 0.0808223 0.0824626 0.0850010 0.0791977 
EU021248.1 7.0734939 7.1063792 7.0618488 7.1424566 7.0481033 0.0000000 0.0145722 7.2548648 0.0133214 7.1527960 7.0772944 7.2531638 7.1713007 7.1866033 7.1605301 7.2116713 7.1269433 0.0127005 7.1673361 7.0895108 7.1527050 7.2327498 7.1386445 7.2029050 7.1774571 7.1008661 7.2631064 7.3149895 7.2589209 7.1806108 7.1713062 7.1183038 7.1545632 7.2121260 7.1866980 7.2466495 7.2523839 7.2422580 7.2401830 7.2653915 7.1643305 7.2403105 7.1467869 7.0476710 6.9867384 6.9235712 6.9457103 6.9443381 7.0276007 6.9817215 6.9733526 7.2443848 7.0352944 6.9441132 7.0200359 6.9672603 6.9443062 6.9598756 6.9542430 6.9963825 7.0648913 6.9962379 6.9468806 6.9928967 6.9722130 7.0109106 7.0064958 6.9614468 7.0293726 7.1411762 7.0042043 7.2178258 7.0428289 7.1838458 6.9587545 7.0344939 7.0585784 7.1838458 7.1555195 7.0198038 7.0318043 7.1500040 7.0123693 6.9716269 7.0889539 6.9907695 7.0198038 6.9152809 7.1896274 7.1066791 6.9834883 7.2047520 7.0092259 6.9558539 7.1421626 7.0400346 7.1918622 7.0785917 6.9692397 7.1361870 7.0198038 6.9319098 7.1473159 7.1670846 6.9515318 7.0075333 6.9813041 7.1047613 7.1571656 7.2759940 7.1525014 7.3976873 7.2315177 7.2283635 7.2626642 7.2438070 7.2853098 7.0881829 7.0733051 7.2960242 7.2275534 7.4088673 7.2210337 7.2665315 7.3383666 7.2253254 7.3187713 7.3272169 7.1539486 7.3603940 7.4173766 7.4105858 7.4219248 7.4173766 7.3935848 7.4182223 7.3855115 7.3648389 7.4862599 7.3891701 7.4340362 7.5393529 7.4316883 7.4173766 7.3643147 7.4219248 7.3375775 7.3416673 
EU021256.1 7.1448501 7.2008585 7.1546458 7.2378048 7.1413065 0.0145722 0.0000000 7.3531268 0.0090266 7.2485067 7.1701856 7.3516720 7.2670213 7.2832759 7.2564250 7.3085562 7.2216271 0.0084147 7.2641931 7.1841546 7.2483752 7.3334078 7.2338485 7.2995405 7.2740700 7.1951916 7.3383967 7.3674645 7.3572946 7.2771337 7.2680762 7.2135335 7.2497696 7.3090765 7.2827958 7.3444951 7.3508823 7.3402387 7.3382291 7.3642183 7.2380463 7.3383967 7.2416385 7.1405368 7.0778481 7.0128797 7.0356543 7.0339114 7.1182545 7.0720513 7.0638916 7.3414721 7.1268880 7.0342070 7.1124565 7.0576979 7.0343939 7.0499623 7.0444676 7.0879954 7.1572865 7.0876216 7.0359751 7.0842907 7.0627379 7.1016629 7.0970417 7.0734473 7.1433548 7.2147908 7.0944580 7.3134819 7.1015829 7.2792129 7.0704398 7.1261917 7.1506137 7.2792129 7.2498148 7.1109111 7.1457505 7.2443191 7.1033038 7.0614848 7.1814486 7.0807123 7.1109111 7.0245471 7.2855905 7.2007171 7.0732327 7.3001566 7.1225757 7.0447994 7.2353147 7.0984296 7.2878427 7.1712736 7.0587024 7.2301918 7.1109111 7.0426323 7.2423063 7.2623742 7.0404377 7.0988989 7.0714977 7.1977797 7.2518049 7.3387203 7.2472176 7.4999187 7.3282969 7.3252838 7.3607032 7.3421847 7.3836253 7.1821086 7.1667760 7.3947187 7.3240958 7.4869156 7.3174440 7.3645238 7.4384991 7.3218494 7.4186013 7.4267248 7.2487377 7.4612868 7.4728244 7.4659676 7.4774944 7.4728244 7.4486197 7.4738295 7.4404523 7.4196642 7.5426503 7.4451422 7.4896960 7.6204030 7.4881627 7.4728244 7.4171935 7.4774944 7.3683805 7.4180201 
EU199253.1 0.0841805 0.0127100 0.0152249 0.0158408 0.0177992 7.2548648 7.3531268 0.0000000 7.2827605 0.0164669 0.0114538 0.0035576 0.0183814 0.0164968 0.0170943 0.0145864 0.0164707 7.2636777 0.0152073 0.0152924 0.0183620 0.0065667 0.0183706 0.0246071 0.0165304 0.0209951 0.0187520 0.1155306 0.0453085 0.0203416 0.0396647 0.0171214 0.0223339 0.0226353 0.0236429 0.0418315 0.0181141 0.0226461 0.0193978 0.0181254 0.0220391 0.0187520 0.0236312 0.0210018 0.0438854 0.0417997 0.0411192 0.0460329 0.0419970 0.0433288 0.0418115 0.0334297 0.0440546 0.0418410 0.0432219 0.0432219 0.0425243 0.0445825 0.0404332 0.0425777 0.0414995 0.0438603 0.0452577 0.0432365 0.0431695 0.0520786 0.0559151 0.0520404 0.0498534 0.0510843 0.0557109 0.0541218 0.0520786 0.0571775 0.0520318 0.0513599 0.0528462 0.0571775 0.0533616 0.0506254 0.0498049 0.0554522 0.0499099 0.0529162 0.0498202 0.0520834 0.0506254 0.0549801 0.0327512 0.0375172 0.0535679 0.0562849 0.0586276 0.0549910 0.0548584 0.0585249 0.0334342 0.0585151 0.0590211 0.0391185 0.0506254 0.0601604 0.0374978 0.0347970 0.0535814 0.0447567 0.0507181 0.0518251 0.0545287 0.0782282 0.0774925 0.0822330 0.0749947 0.0734173 0.0757706 0.0767970 0.0751358 0.0769094 0.0768663 0.0743423 0.0734429 0.0831396 0.0749618 0.0782039 0.0831741 0.0758105 0.0848427 0.0774752 0.0740795 0.0801614 0.0906536 0.0914665 0.0907047 0.0906536 0.0923087 0.0909456 0.0914885 0.0942210 0.0942081 0.0932490 0.0898704 0.0872666 0.0923379 0.0923087 0.0882189 0.0898876 0.0924839 0.0865640 
EU021260.1 7.0659115 7.1544686 7.1087489 7.1912558 7.0951063 0.0133214 0.0090266 7.2827605 0.0000000 7.2018572 7.1243581 7.2811189 7.2208734 7.2364058 7.2097432 7.2617630 7.1752875 0.0005914 7.2170950 7.1375575 7.2017445 7.2631852 7.1873417 7.2741721 7.2271631 7.1488350 7.3146002 7.3209192 7.3101219 7.2302928 7.2214288 7.1668642 7.2033777 7.2622546 7.2362042 7.2974886 7.3036041 7.2931359 7.2910808 7.3168746 7.1912016 7.2912303 7.1953626 7.0944995 7.0322189 6.9676618 6.9902903 6.9887226 7.0731600 7.0267727 7.0184443 7.2948124 7.0813866 6.9887554 7.0664307 7.0122538 6.9889466 7.0046366 6.9990293 7.0421894 7.1116110 7.0419285 6.9910465 7.0385670 7.0172891 7.0563949 7.0518430 7.0476859 7.1175924 7.1555779 7.0493877 7.2673221 7.0564146 7.2329532 7.0447318 7.0806328 7.1050681 7.2329532 7.2038711 7.0655341 7.0668088 7.1983257 7.0579562 7.0163637 7.1359016 7.0356950 7.0655341 6.9991015 7.2390846 7.1545451 7.0072380 7.2540263 7.0968237 7.0000138 7.1902039 7.0535226 7.2413443 7.1475267 7.0137600 7.1842499 7.0655341 7.0169640 7.1959669 7.2160319 6.9956392 7.0533006 7.0262834 7.1520911 7.2057060 7.2917031 7.2010471 7.4518734 7.2816936 7.2785906 7.3137155 7.2949030 7.3366627 7.1358533 7.1206332 7.3476498 7.2775783 7.4633414 7.2709439 7.3175850 7.3910391 7.2753251 7.3711505 7.3794843 7.2025424 7.4136181 7.4342302 7.4273897 7.4388353 7.4342302 7.4102090 7.4351281 7.4020718 7.3812732 7.5036989 7.4065110 7.4510268 7.5968629 7.4493505 7.4342302 7.3936823 7.4388353 7.3302875 7.3944739 
EU199275.1 0.0858055 0.0108693 0.0184017 0.0005889 0.0035708 7.1527960 7.2485067 0.0164669 7.2018572 0.0000000 0.0120859 0.0152113 0.0023691 0.0011824 0.0029605 0.0065825 0.0035586 7.1832427 0.0133516 0.0011864 0.0041550 0.0171181 0.0041568 0.0114706 0.0029683 0.0229627 0.0059676 0.1239322 0.0459080 0.0071886 0.0404093 0.0041611 0.0078176 0.0083959 0.0090458 0.0425850 0.0053654 0.0083999 0.0053646 0.0053683 0.0114860 0.0059676 0.0078187 0.0203884 0.0315071 0.0296095 0.0289564 0.0336386 0.0310186 0.0310323 0.0296174 0.0223055 0.0317167 0.0296383 0.0309582 0.0309582 0.0302928 0.0321749 0.0296365 0.0303307 0.0312863 0.0314909 0.0328270 0.0309682 0.0308266 0.0393246 0.0429392 0.0392116 0.0371376 0.0404882 0.0427897 0.0419680 0.0393246 0.0448575 0.0392053 0.0386384 0.0400458 0.0448575 0.0426370 0.0379410 0.0371052 0.0432649 0.0372579 0.0400985 0.0371169 0.0393280 0.0379410 0.0420018 0.0222701 0.0262046 0.0435232 0.0454403 0.0454168 0.0421009 0.0440655 0.0461720 0.0229199 0.0461645 0.0479988 0.0282904 0.0379410 0.0482882 0.0261922 0.0242191 0.0435324 0.0323859 0.0380085 0.0398009 0.0422930 0.0674798 0.0674016 0.0713241 0.0649992 0.0634721 0.0657524 0.0667125 0.0651192 0.0650111 0.0649756 0.0643513 0.0650140 0.0722182 0.0649684 0.0696429 0.0753871 0.0657862 0.0738536 0.0673858 0.0641309 0.0674770 0.0794623 0.0802501 0.0795100 0.0794623 0.0810635 0.0797111 0.0802691 0.0828811 0.0812293 0.0819591 0.0786167 0.0762021 0.0810888 0.0810635 0.0771039 0.0787187 0.0812111 0.0755053 
EU199252.1 0.0830454 0.0108422 0.0127163 0.0114699 0.0133782 7.0772944 7.1701856 0.0114538 7.1243581 0.0120859 0.0000000 0.0102242 0.0139627 0.0121075 0.0139434 0.0127018 0.0120886 7.1064121 0.0133181 0.0109096 0.0139481 0.0120851 0.0139545 0.0203097 0.0121320 0.0190553 0.0145982 0.1179479 0.0417324 0.0158773 0.0361663 0.0127228 0.0178230 0.0183859 0.0191069 0.0382984 0.0139755 0.0183950 0.0152272 0.0139845 0.0190631 0.0145982 0.0190976 0.0165220 0.0412040 0.0391645 0.0384922 0.0433397 0.0400146 0.0406655 0.0391754 0.0302348 0.0413798 0.0392040 0.0405661 0.0405661 0.0385031 0.0418924 0.0378151 0.0399276 0.0395293 0.0411811 0.0425604 0.0405796 0.0404982 0.0492883 0.0516181 0.0499371 0.0477761 0.0475848 0.0528737 0.0491371 0.0492883 0.0535646 0.0499288 0.0485789 0.0500435 0.0535646 0.0512490 0.0478546 0.0477306 0.0518831 0.0471484 0.0501096 0.0470491 0.0492928 0.0478546 0.0528435 0.0308964 0.0342533 0.0521954 0.0541394 0.0564410 0.0521626 0.0527275 0.0548994 0.0315704 0.0548903 0.0553689 0.0385441 0.0478546 0.0579550 0.0342360 0.0329158 0.0536544 0.0420724 0.0479416 0.0483127 0.0509488 0.0760165 0.0750991 0.0799752 0.0726317 0.0710710 0.0733998 0.0744072 0.0727673 0.0745170 0.0744755 0.0719824 0.0726485 0.0808757 0.0725993 0.0773802 0.0841228 0.0734381 0.0825592 0.0750822 0.0717304 0.0779215 0.0883096 0.0891147 0.0883599 0.0883096 0.0899484 0.0885916 0.0891360 0.0918349 0.0918241 0.0908764 0.0874377 0.0849598 0.0899766 0.0899484 0.0858984 0.0875507 0.0901172 0.0842605 
EU100720.1 0.0809204 0.0114726 0.0164824 0.0145879 0.0165325 7.2531638 7.3516720 0.0035576 7.2811189 0.0152113 0.0102242 0.0000000 0.0171156 0.0152388 0.0158360 0.0133395 0.0152148 7.2619905 0.0139579 0.0140364 0.0170976 0.0053602 0.0171055 0.0230282 0.0152699 0.0184337 0.0171621 0.1146105 0.0424831 0.0187672 0.0368949 0.0158609 0.0210429 0.0210546 0.0223451 0.0390364 0.0165216 0.0210650 0.0178098 0.0165322 0.0217552 0.0171621 0.0223341 0.0184390 0.0436650 0.0415776 0.0408958 0.0458172 0.0417743 0.0431086 0.0415894 0.0331899 0.0438353 0.0416192 0.0430021 0.0430021 0.0423033 0.0443632 0.0402085 0.0423565 0.0412766 0.0436401 0.0450395 0.0430165 0.0429480 0.0518680 0.0557067 0.0518300 0.0496410 0.0508739 0.0555032 0.0539134 0.0518680 0.0569706 0.0518214 0.0511487 0.0526361 0.0569706 0.0531528 0.0504135 0.0495927 0.0552453 0.0496973 0.0527059 0.0496065 0.0518728 0.0504135 0.0547719 0.0325095 0.0372876 0.0533584 0.0560782 0.0584206 0.0547827 0.0546506 0.0583193 0.0331944 0.0583095 0.0588145 0.0402800 0.0504135 0.0599539 0.0372682 0.0345608 0.0548317 0.0445384 0.0505059 0.0516153 0.0543195 0.0780194 0.0772843 0.0820223 0.0747875 0.0732103 0.0755633 0.0765887 0.0749282 0.0767009 0.0766579 0.0741349 0.0732359 0.0829289 0.0747546 0.0795865 0.0862082 0.0756031 0.0846310 0.0772671 0.0738728 0.0799511 0.0904385 0.0912509 0.0904895 0.0904385 0.0920926 0.0907296 0.0912729 0.0940030 0.0939902 0.0930320 0.0896563 0.0870538 0.0921217 0.0920926 0.0880052 0.0896730 0.0922672 0.0863512 
EU199371.1 0.0875334 0.0114967 0.0190545 0.0023691 0.0053806 7.1713007 7.2670213 0.0183814 7.2208734 0.0023691 0.0139627 0.0171156 0.0000000 0.0035672 0.0053587 0.0084159 0.0053616 7.2020871 0.0139873 0.0029795 0.0059625 0.0190405 0.0059651 0.0120991 0.0047708 0.0255953 0.0077933 0.1278160 0.0488247 0.0090271 0.0432561 0.0059714 0.0084362 0.0102417 0.0096687 0.0454600 0.0071865 0.0096311 0.0071854 0.0071902 0.0133611 0.0077933 0.0090508 0.0229949 0.0342628 0.0323235 0.0316645 0.0363967 0.0317198 0.0337692 0.0323322 0.0242790 0.0344625 0.0323549 0.0336881 0.0336881 0.0330157 0.0349369 0.0323533 0.0330570 0.0319870 0.0342448 0.0355938 0.0336991 0.0335748 0.0421606 0.0458234 0.0420395 0.0399419 0.0433228 0.0456623 0.0448249 0.0421606 0.0477520 0.0420327 0.0414673 0.0428919 0.0477520 0.0454991 0.0407618 0.0399063 0.0461296 0.0400717 0.0429483 0.0399426 0.0421643 0.0407618 0.0448611 0.0242402 0.0282104 0.0464058 0.0483329 0.0483259 0.0449667 0.0455178 0.0490736 0.0248958 0.0490656 0.0509371 0.0309908 0.0407618 0.0505061 0.0281968 0.0262060 0.0464162 0.0351387 0.0408347 0.0426284 0.0451699 0.0706859 0.0706025 0.0745799 0.0681686 0.0666246 0.0689294 0.0699098 0.0682952 0.0681812 0.0681438 0.0675177 0.0681842 0.0754786 0.0681370 0.0728648 0.0786828 0.0689651 0.0771340 0.0705862 0.0672851 0.0706830 0.0828078 0.0836037 0.0828556 0.0828078 0.0844263 0.0823542 0.0836236 0.0862723 0.0845989 0.0853348 0.0819507 0.0795077 0.0844527 0.0844263 0.0804240 0.0820561 0.0845811 0.0788075 
EU199369.1 0.0860054 0.0108886 0.0184353 0.0017755 0.0035770 7.1866033 7.2832759 0.0164968 7.2364058 0.0011824 0.0121075 0.0152388 0.0035672 0.0000000 0.0029654 0.0065940 0.0035647 7.2175507 0.0133756 0.0011880 0.0041621 0.0171493 0.0041640 0.0114910 0.0023750 0.0216914 0.0059779 0.1242567 0.0445316 0.0072012 0.0390582 0.0041683 0.0078313 0.0084106 0.0084440 0.0412236 0.0053744 0.0084141 0.0053736 0.0047730 0.0115065 0.0059779 0.0078325 0.0191260 0.0309299 0.0290357 0.0283818 0.0330688 0.0304450 0.0304583 0.0290435 0.0217270 0.0311431 0.0290638 0.0303855 0.0303855 0.0297194 0.0315986 0.0290622 0.0297566 0.0307126 0.0309140 0.0322517 0.0303954 0.0302488 0.0387574 0.0423743 0.0386459 0.0365698 0.0399254 0.0422267 0.0414057 0.0387574 0.0442972 0.0386396 0.0380704 0.0394790 0.0442972 0.0420759 0.0373724 0.0365379 0.0427055 0.0366884 0.0395311 0.0365436 0.0387608 0.0373724 0.0414390 0.0216924 0.0256298 0.0429606 0.0448825 0.0448541 0.0415370 0.0435056 0.0456137 0.0223428 0.0456063 0.0474389 0.0277152 0.0373724 0.0477286 0.0256177 0.0236431 0.0429697 0.0318131 0.0374389 0.0392374 0.0417264 0.0677453 0.0668585 0.0716062 0.0644535 0.0629243 0.0652078 0.0661677 0.0645729 0.0644653 0.0644300 0.0638039 0.0644683 0.0725033 0.0644228 0.0691036 0.0756852 0.0652414 0.0741457 0.0668428 0.0635859 0.0677425 0.0797777 0.0805687 0.0798257 0.0797777 0.0813855 0.0800286 0.0805879 0.0832115 0.0815526 0.0822852 0.0789284 0.0765037 0.0814109 0.0813855 0.0774098 0.0790312 0.0815343 0.0758045 
EU199262.1 0.0882341 0.0127216 0.0203074 0.0035567 0.0053728 7.1605301 7.2564250 0.0170943 7.2097432 0.0029605 0.0139434 0.0158360 0.0053587 0.0029654 0.0000000 0.0071882 0.0053549 7.1910808 0.0152212 0.0017816 0.0047534 0.0190138 0.0047555 0.0127040 0.0047644 0.0249056 0.0077828 0.1266638 0.0480341 0.0090148 0.0424908 0.0047604 0.0096527 0.0090048 0.0108900 0.0446846 0.0071768 0.0102327 0.0071757 0.0071812 0.0133426 0.0077828 0.0096541 0.0223149 0.0321788 0.0302716 0.0296174 0.0343097 0.0316852 0.0316994 0.0302796 0.0229492 0.0323857 0.0303011 0.0316236 0.0316236 0.0309568 0.0328479 0.0302992 0.0309955 0.0319530 0.0321622 0.0335009 0.0316338 0.0314968 0.0400122 0.0436370 0.0398973 0.0378184 0.0411749 0.0434847 0.0426595 0.0400122 0.0455568 0.0398908 0.0393246 0.0407356 0.0455568 0.0433295 0.0386256 0.0377853 0.0439587 0.0379410 0.0407892 0.0378032 0.0400157 0.0386256 0.0426938 0.0229127 0.0268568 0.0442203 0.0461399 0.0461197 0.0427945 0.0447615 0.0468727 0.0235640 0.0468651 0.0487078 0.0289497 0.0386256 0.0489976 0.0268441 0.0248662 0.0442298 0.0330563 0.0386943 0.0404862 0.0429896 0.0690544 0.0681650 0.0744926 0.0657561 0.0642256 0.0665108 0.0674756 0.0658776 0.0657681 0.0657322 0.0651080 0.0657711 0.0753892 0.0657251 0.0704103 0.0785882 0.0665450 0.0770429 0.0681491 0.0648845 0.0706014 0.0827060 0.0835006 0.0827548 0.0827060 0.0843218 0.0829670 0.0835204 0.0861652 0.0844949 0.0852296 0.0818505 0.0794117 0.0843481 0.0843218 0.0803273 0.0819566 0.0844771 0.0787135 
EU199255.1 0.0865988 0.0102524 0.0190326 0.0059780 0.0078272 7.2116713 7.3085562 0.0145864 7.2617630 0.0065825 0.0127018 0.0133395 0.0084159 0.0065940 0.0071882 0.0000000 0.0065839 7.2428279 0.0127285 0.0054007 0.0084073 0.0164855 0.0084111 0.0146242 0.0072074 0.0236052 0.0090341 0.1228501 0.0466075 0.0102785 0.0410948 0.0084201 0.0121699 0.0127430 0.0134251 0.0432762 0.0084232 0.0127491 0.0096495 0.0084285 0.0146443 0.0090341 0.0134186 0.0223126 0.0364044 0.0344293 0.0337649 0.0385421 0.0325377 0.0358949 0.0344387 0.0256473 0.0365960 0.0344634 0.0358080 0.0358080 0.0351294 0.0370843 0.0344613 0.0351734 0.0334315 0.0357225 0.0370815 0.0358198 0.0357095 0.0429699 0.0466542 0.0450196 0.0428923 0.0455369 0.0464892 0.0470585 0.0429699 0.0500194 0.0450122 0.0422732 0.0437055 0.0500194 0.0477376 0.0415640 0.0428529 0.0483716 0.0408704 0.0437633 0.0407453 0.0429737 0.0415640 0.0478807 0.0263003 0.0296071 0.0472371 0.0505998 0.0514066 0.0457902 0.0477761 0.0513495 0.0269635 0.0513411 0.0532445 0.0338110 0.0415640 0.0528953 0.0295927 0.0282886 0.0472479 0.0372786 0.0416387 0.0448359 0.0474206 0.0721837 0.0712811 0.0760950 0.0688441 0.0672989 0.0696054 0.0705899 0.0689720 0.0706961 0.0706569 0.0681949 0.0688599 0.0769932 0.0688124 0.0735442 0.0802083 0.0696415 0.0786567 0.0712647 0.0679586 0.0740560 0.0843489 0.0851471 0.0843982 0.0843489 0.0859725 0.0846162 0.0851674 0.0878297 0.0878222 0.0852571 0.0834881 0.0810362 0.0859994 0.0859725 0.0819591 0.0835963 0.0861318 0.0803373 
EU199366.1 0.0874526 0.0108717 0.0184059 0.0029625 0.0047741 7.1269433 7.2216271 0.0164707 7.1752875 0.0035586 0.0120886 0.0152148 0.0053616 0.0035647 0.0053549 0.0065839 0.0000000 7.1569149 0.0133546 0.0023792 0.0053566 0.0171220 0.0053590 0.0127131 0.0041669 0.0242635 0.0071807 0.1257970 0.0473386 0.0084098 0.0418082 0.0053646 0.0090452 0.0096217 0.0102802 0.0439967 0.0065756 0.0096263 0.0065746 0.0065797 0.0127303 0.0071807 0.0102753 0.0216775 0.0342341 0.0322960 0.0316376 0.0363654 0.0323781 0.0337404 0.0323047 0.0236118 0.0344330 0.0323277 0.0336593 0.0336593 0.0329876 0.0349076 0.0323257 0.0330288 0.0326462 0.0342161 0.0355640 0.0336703 0.0335467 0.0421239 0.0457833 0.0420029 0.0399073 0.0432849 0.0456223 0.0447855 0.0421239 0.0477099 0.0419961 0.0414313 0.0428545 0.0477099 0.0454591 0.0407265 0.0398717 0.0460900 0.0400370 0.0429109 0.0399087 0.0421276 0.0407265 0.0448218 0.0235742 0.0275312 0.0463651 0.0482912 0.0482837 0.0449273 0.0469045 0.0476132 0.0242276 0.0476055 0.0508932 0.0309645 0.0407265 0.0497489 0.0275180 0.0255338 0.0463754 0.0351086 0.0407993 0.0425911 0.0451311 0.0714379 0.0689606 0.0753405 0.0681065 0.0665641 0.0688666 0.0698469 0.0682330 0.0681192 0.0680818 0.0674573 0.0681222 0.0762385 0.0680750 0.0727980 0.0794478 0.0689023 0.0778983 0.0705217 0.0672240 0.0714349 0.0835800 0.0843769 0.0836290 0.0835800 0.0852008 0.0838445 0.0843970 0.0870526 0.0853760 0.0861125 0.0827212 0.0802741 0.0852275 0.0852008 0.0811940 0.0828284 0.0853583 0.0795751 
EU021258.1 7.0485302 7.1361673 7.0908456 7.1727282 7.0771457 0.0127005 0.0084147 7.2636777 0.0005914 7.1832427 7.1064121 7.2619905 7.2020871 7.2175507 7.1910808 7.2428279 7.1569149 0.0000000 7.1982331 7.1192507 7.1831381 7.2442044 7.1688482 7.2550238 7.2083336 7.1305725 7.2951941 7.3018301 7.2908218 7.2114763 7.2027289 7.1483982 7.1848593 7.2433060 7.2174619 7.2783113 7.2842891 7.2739386 7.2718736 7.2974752 7.1725565 7.2720150 7.1769256 7.0766052 7.0147623 6.9506558 6.9731245 6.9716303 7.0557269 7.0094749 7.0011197 7.2757884 7.0637590 6.9715633 7.0486668 6.9949584 6.9717554 6.9874207 6.9817959 7.0246200 7.0937810 7.0244037 6.9740423 7.0210455 6.9999690 7.0389689 7.0344640 7.0301004 7.0995899 7.1375451 7.0320688 7.2486202 7.0390270 7.2143591 7.0272005 7.0629862 7.0873181 7.2143591 7.1855301 7.0480252 7.0819624 7.1799891 7.0404927 6.9991732 7.1180148 7.0184576 7.0480252 6.9820195 7.2203645 7.1363295 6.9902169 7.2353934 7.0789519 6.9830243 7.1719645 7.0362488 7.2226173 7.1294434 6.9966496 7.1659950 7.0480252 6.9996258 7.1775019 7.1974785 6.9786640 7.0357612 7.0090127 7.1340778 7.1872950 7.2725472 7.1826282 7.4316024 7.2627497 7.2596236 7.2944762 7.2756248 7.3173351 7.1176887 7.1025805 7.3282313 7.2586871 7.4429742 7.2520885 7.2983493 7.3712728 7.2564409 7.3514730 7.3598585 7.1841070 7.3936684 7.4141666 7.4073638 7.4187185 7.4141666 7.3903430 7.4150052 7.3822562 7.3615412 7.4831558 7.3865469 7.4308530 7.5754944 7.4291092 7.4141666 7.3739049 7.4187185 7.3109280 7.3746609 
EU199343.1 0.0840969 0.0023671 0.0183874 0.0127317 0.0146574 7.1673361 7.2641931 0.0152073 7.2170950 0.0133516 0.0133181 0.0139579 0.0139873 0.0133756 0.0152212 0.0127285 0.0133546 7.1982331 0.0000000 0.0121741 0.0152264 0.0158536 0.0152334 0.0213719 0.0134028 0.0242470 0.0155764 0.1264868 0.0474629 0.0168772 0.0417763 0.0152503 0.0178549 0.0194215 0.0191412 0.0439627 0.0149438 0.0194307 0.0162156 0.0149531 0.0214029 0.0155764 0.0191318 0.0229520 0.0411186 0.0390689 0.0383927 0.0432668 0.0371411 0.0405778 0.0390798 0.0300845 0.0412960 0.0391074 0.0404782 0.0404782 0.0397860 0.0418109 0.0377116 0.0398360 0.0366658 0.0410957 0.0424825 0.0404917 0.0404090 0.0492451 0.0530398 0.0484635 0.0463022 0.0489754 0.0528478 0.0519682 0.0492451 0.0535409 0.0484555 0.0485321 0.0500039 0.0535409 0.0512144 0.0478043 0.0462584 0.0518515 0.0470945 0.0500702 0.0469941 0.0492496 0.0478043 0.0513692 0.0294136 0.0341291 0.0536185 0.0541182 0.0549619 0.0521333 0.0504581 0.0548817 0.0300889 0.0548726 0.0568237 0.0370670 0.0478043 0.0564750 0.0341119 0.0314370 0.0507122 0.0419924 0.0478915 0.0482640 0.0509130 0.0760901 0.0751690 0.0800645 0.0726914 0.0711244 0.0734627 0.0744743 0.0728277 0.0745845 0.0745429 0.0720395 0.0727083 0.0809686 0.0726589 0.0774592 0.0842283 0.0735012 0.0826588 0.0735485 0.0717864 0.0780029 0.0884313 0.0892395 0.0884818 0.0884313 0.0900763 0.0887146 0.0892609 0.0919702 0.0919592 0.0910079 0.0875560 0.0850685 0.0901047 0.0900763 0.0860110 0.0876696 0.0902459 0.0843667 
EU199347.1 0.0863265 0.0096901 0.0172263 0.0005925 0.0023872 7.0895108 7.1841546 0.0152924 7.1375575 0.0011864 0.0109096 0.0140364 0.0029795 0.0011880 0.0017816 0.0054007 0.0023792 7.1192507 0.0121741 0.0000000 0.0023787 0.0159429 0.0023798 0.0102932 0.0017860 0.0224306 0.0047879 0.1247391 0.0461660 0.0060079 0.0406335 0.0023822 0.0066343 0.0066073 0.0078628 0.0428226 0.0041852 0.0066103 0.0041845 0.0041877 0.0096854 0.0047879 0.0078590 0.0204962 0.0309845 0.0290858 0.0284309 0.0331264 0.0291601 0.0305106 0.0290936 0.0204741 0.0311976 0.0291143 0.0304377 0.0304377 0.0297706 0.0316542 0.0291124 0.0298079 0.0294277 0.0309686 0.0323087 0.0304475 0.0303018 0.0388252 0.0424484 0.0380191 0.0359444 0.0399950 0.0423006 0.0414779 0.0388252 0.0443740 0.0380130 0.0381368 0.0395482 0.0443740 0.0421492 0.0374378 0.0366017 0.0427798 0.0367527 0.0396004 0.0366082 0.0388286 0.0374378 0.0408100 0.0204412 0.0243665 0.0430352 0.0449607 0.0442204 0.0416096 0.0435815 0.0456926 0.0210904 0.0449693 0.0475223 0.0277633 0.0374378 0.0456694 0.0243551 0.0223869 0.0430443 0.0318687 0.0375043 0.0393057 0.0417993 0.0670742 0.0669776 0.0709288 0.0645683 0.0630364 0.0653239 0.0662856 0.0646879 0.0645801 0.0637763 0.0639176 0.0645831 0.0718275 0.0645375 0.0692266 0.0750065 0.0653576 0.0734677 0.0669618 0.0636981 0.0678632 0.0782868 0.0790755 0.0783343 0.0782868 0.0798895 0.0785312 0.0790942 0.0817044 0.0800522 0.0807844 0.0774413 0.0758241 0.0799144 0.0798895 0.0767281 0.0775421 0.0800348 0.0751244 
EU199344.1 0.0899042 0.0127259 0.0203144 0.0035578 0.0053746 7.1527050 7.2483752 0.0183620 7.2017445 0.0041550 0.0139481 0.0170976 0.0059625 0.0041621 0.0047534 0.0084073 0.0053566 7.1831381 0.0152264 0.0023787 0.0000000 0.0190204 0.0047570 0.0133291 0.0047659 0.0262184 0.0077853 0.1285593 0.0494802 0.0090178 0.0439045 0.0047620 0.0096559 0.0102312 0.0108937 0.0461116 0.0071791 0.0102361 0.0071781 0.0071836 0.0133472 0.0077853 0.0108885 0.0236157 0.0349030 0.0329560 0.0322966 0.0370333 0.0330397 0.0344050 0.0329649 0.0242529 0.0350993 0.0329885 0.0343222 0.0343222 0.0336493 0.0355776 0.0329863 0.0336913 0.0333077 0.0348846 0.0362347 0.0343334 0.0342142 0.0428067 0.0464752 0.0426838 0.0405840 0.0439675 0.0463115 0.0454715 0.0428067 0.0484029 0.0426769 0.0421129 0.0435393 0.0484029 0.0461469 0.0414066 0.0405476 0.0467769 0.0407159 0.0435966 0.0405906 0.0428105 0.0414066 0.0441059 0.0242142 0.0281797 0.0456257 0.0489833 0.0489799 0.0456154 0.0475945 0.0497252 0.0248690 0.0497171 0.0515946 0.0316221 0.0414066 0.0490162 0.0281661 0.0261777 0.0470668 0.0357762 0.0414808 0.0432714 0.0458217 0.0721907 0.0712880 0.0761023 0.0688508 0.0673055 0.0696122 0.0705968 0.0689788 0.0688636 0.0688258 0.0682016 0.0688666 0.0770006 0.0688192 0.0735513 0.0802159 0.0696483 0.0786642 0.0712716 0.0679652 0.0721877 0.0843568 0.0851551 0.0844061 0.0843568 0.0859805 0.0846242 0.0851754 0.0878379 0.0861575 0.0868949 0.0834959 0.0810439 0.0860074 0.0859805 0.0819669 0.0836041 0.0861399 0.0803449 
EU199363.1 0.0851659 0.0133468 0.0184017 0.0164898 0.0184580 7.2327498 7.3334078 0.0065667 7.2631852 0.0171181 0.0120851 0.0053602 0.0190405 0.0171493 0.0190138 0.0164855 0.0171220 7.2442044 0.0158536 0.0159429 0.0190204 0.0000000 0.0190293 0.0252961 0.0171844 0.0216663 0.0194188 0.1185113 0.0460885 0.0210100 0.0404197 0.0177760 0.0227572 0.0233165 0.0240789 0.0425972 0.0187787 0.0233276 0.0200670 0.0187905 0.0240239 0.0194188 0.0240673 0.0216733 0.0446649 0.0425650 0.0418819 0.0468168 0.0441736 0.0441029 0.0425771 0.0355170 0.0448324 0.0426073 0.0439938 0.0439938 0.0432932 0.0453648 0.0411932 0.0433476 0.0422639 0.0446392 0.0460424 0.0440086 0.0439457 0.0528943 0.0567512 0.0543111 0.0521033 0.0518916 0.0565430 0.0549449 0.0528943 0.0580167 0.0543021 0.0521725 0.0536661 0.0580167 0.0541808 0.0514345 0.0520517 0.0562795 0.0507159 0.0537373 0.0506289 0.0528992 0.0514345 0.0572785 0.0348325 0.0382619 0.0543909 0.0571175 0.0594764 0.0558199 0.0556850 0.0593685 0.0355216 0.0593585 0.0598711 0.0426643 0.0514345 0.0610170 0.0382420 0.0368963 0.0558702 0.0455374 0.0515290 0.0526360 0.0553574 0.0791870 0.0784456 0.0832145 0.0759335 0.0743481 0.0767132 0.0777481 0.0760768 0.0778616 0.0778178 0.0752794 0.0743741 0.0841243 0.0759004 0.0791596 0.0874226 0.0767537 0.0858373 0.0784281 0.0750118 0.0811336 0.0916798 0.0924969 0.0917313 0.0916798 0.0933437 0.0919765 0.0925192 0.0952695 0.0952556 0.0942904 0.0908905 0.0882734 0.0933734 0.0933437 0.0892326 0.0909100 0.0935220 0.0875688 
EU516203.1 0.0899553 0.0127317 0.0203240 0.0035594 0.0053770 7.1386445 7.2338485 0.0183706 7.1873417 0.0041568 0.0139545 0.0171055 0.0059651 0.0041640 0.0047555 0.0084111 0.0053590 7.1688482 0.0152334 0.0023798 0.0047570 0.0190293 0.0000000 0.0133352 0.0047681 0.0262310 0.0077888 0.1286363 0.0495059 0.0090219 0.0439269 0.0047641 0.0096603 0.0102358 0.0108986 0.0461353 0.0071824 0.0102407 0.0071813 0.0071868 0.0133533 0.0077888 0.0108934 0.0236270 0.0349204 0.0329722 0.0323125 0.0370518 0.0330560 0.0344220 0.0329811 0.0242645 0.0351167 0.0330047 0.0343392 0.0343392 0.0336659 0.0355953 0.0330026 0.0337079 0.0333242 0.0335430 0.0348884 0.0343504 0.0342313 0.0428286 0.0464992 0.0427055 0.0406045 0.0439888 0.0463353 0.0454948 0.0428286 0.0484279 0.0426986 0.0421343 0.0435615 0.0484279 0.0461705 0.0414277 0.0405680 0.0468009 0.0407366 0.0436189 0.0406113 0.0428323 0.0414277 0.0455316 0.0242257 0.0281933 0.0470805 0.0490086 0.0475800 0.0456388 0.0462064 0.0497509 0.0248809 0.0497428 0.0516215 0.0316376 0.0414277 0.0490417 0.0281798 0.0261903 0.0470911 0.0357940 0.0415019 0.0432934 0.0458453 0.0722308 0.0713274 0.0761449 0.0688887 0.0673424 0.0696505 0.0706359 0.0690168 0.0689015 0.0688636 0.0682392 0.0689045 0.0770438 0.0688570 0.0735922 0.0802611 0.0696867 0.0787084 0.0713111 0.0680025 0.0722277 0.0844047 0.0852035 0.0844540 0.0844047 0.0860294 0.0846724 0.0852238 0.0878881 0.0862066 0.0869444 0.0835432 0.0810896 0.0860564 0.0860294 0.0820133 0.0836516 0.0861890 0.0803902 
FJ532078.1 0.0961138 0.0187838 0.0255625 0.0108557 0.0121510 7.2029050 7.2995405 0.0246071 7.2741721 0.0114706 0.0203097 0.0230282 0.0120991 0.0114910 0.0127040 0.0146242 0.0127131 7.2550238 0.0213719 0.0102932 0.0133291 0.0252961 0.0133352 0.0000000 0.0121196 0.0320882 0.0065682 0.1339524 0.0561062 0.0090108 0.0503506 0.0133498 0.0153046 0.0096138 0.0165763 0.0526316 0.0059649 0.0102314 0.0071750 0.0059681 0.0120973 0.0065682 0.0165683 0.0294114 0.0343862 0.0309162 0.0289347 0.0349599 0.0317116 0.0336929 0.0309245 0.0222899 0.0330352 0.0309461 0.0322703 0.0322703 0.0316027 0.0350559 0.0309444 0.0316421 0.0328061 0.0343682 0.0357087 0.0322808 0.0337025 0.0392915 0.0429017 0.0398819 0.0378050 0.0418342 0.0455526 0.0433219 0.0406731 0.0462239 0.0398755 0.0386061 0.0413979 0.0462239 0.0439922 0.0379095 0.0391866 0.0446203 0.0372272 0.0414522 0.0398486 0.0392949 0.0379095 0.0426756 0.0242357 0.0248826 0.0434851 0.0468049 0.0460969 0.0420646 0.0440102 0.0475390 0.0235850 0.0475312 0.0493795 0.0303028 0.0392848 0.0475478 0.0248709 0.0248880 0.0442217 0.0323486 0.0379768 0.0411447 0.0436554 0.0697557 0.0688648 0.0744175 0.0664531 0.0649215 0.0672082 0.0681759 0.0665759 0.0664653 0.0664290 0.0658057 0.0664683 0.0753136 0.0664221 0.0711108 0.0785072 0.0672428 0.0769645 0.0688488 0.0655798 0.0705335 0.0826178 0.0834110 0.0826664 0.0826178 0.0842307 0.0828770 0.0834307 0.0860704 0.0860642 0.0851367 0.0833718 0.0793293 0.0842569 0.0842307 0.0818460 0.0818696 0.0843854 0.0786321 
EU516067.1 0.0878281 0.0109107 0.0184731 0.0023722 0.0041813 7.1774571 7.2740700 0.0165304 7.2271631 0.0029683 0.0121320 0.0152699 0.0047708 0.0023750 0.0047644 0.0072074 0.0041669 7.2083336 0.0134028 0.0017860 0.0047659 0.0171844 0.0047681 0.0121196 0.0000000 0.0243536 0.0065886 0.1263776 0.0469470 0.0078166 0.0419707 0.0047730 0.0084503 0.0090290 0.0096849 0.0441688 0.0059835 0.0090333 0.0059826 0.0059871 0.0121360 0.0065886 0.0096803 0.0217576 0.0329908 0.0310643 0.0304061 0.0351297 0.0311436 0.0325039 0.0310727 0.0223931 0.0331952 0.0310947 0.0324257 0.0324257 0.0317545 0.0336641 0.0310929 0.0317944 0.0314124 0.0329735 0.0343208 0.0324363 0.0323041 0.0408759 0.0445285 0.0407581 0.0386648 0.0420423 0.0443721 0.0435391 0.0408759 0.0464584 0.0407515 0.0401837 0.0416049 0.0464584 0.0442130 0.0394797 0.0386305 0.0448442 0.0387906 0.0416599 0.0386561 0.0408795 0.0394797 0.0435743 0.0223574 0.0263085 0.0451134 0.0470419 0.0470279 0.0436773 0.0456555 0.0477805 0.0230100 0.0477726 0.0496346 0.0297338 0.0394797 0.0484912 0.0262960 0.0243146 0.0451233 0.0338703 0.0395504 0.0413490 0.0438767 0.0701458 0.0692482 0.0740438 0.0668198 0.0652781 0.0675799 0.0685553 0.0669441 0.0668322 0.0667955 0.0661688 0.0668352 0.0749439 0.0667885 0.0715089 0.0781521 0.0676149 0.0766020 0.0692321 0.0659400 0.0701428 0.0822815 0.0830785 0.0823303 0.0822815 0.0839021 0.0825419 0.0830983 0.0857499 0.0840750 0.0848121 0.0814237 0.0789779 0.0839284 0.0839021 0.0798954 0.0815297 0.0840570 0.0782770 
EU857035.1 0.0691426 0.0216492 0.0242851 0.0236114 0.0243516 7.1008661 7.1951916 0.0209951 7.1488350 0.0229627 0.0190553 0.0184337 0.0255953 0.0216914 0.0249056 0.0236052 0.0242635 7.1305725 0.0242470 0.0224306 0.0262184 0.0216663 0.0262310 0.0320882 0.0243536 0.0000000 0.0260448 0.1055456 0.0268210 0.0274165 0.0216038 0.0249467 0.0303802 0.0287074 0.0310509 0.0235817 0.0253888 0.0287215 0.0267115 0.0247343 0.0301580 0.0260448 0.0303852 0.0053590 0.0491368 0.0477122 0.0470178 0.0518983 0.0517110 0.0492957 0.0477262 0.0399423 0.0500432 0.0477606 0.0477425 0.0490137 0.0484580 0.0498474 0.0463166 0.0483587 0.0505612 0.0492662 0.0506888 0.0491890 0.0484046 0.0575078 0.0614467 0.0560416 0.0538123 0.0579350 0.0612175 0.0595828 0.0575078 0.0642238 0.0560322 0.0567742 0.0582969 0.0642238 0.0617747 0.0560225 0.0537581 0.0624192 0.0552922 0.0583744 0.0552207 0.0575132 0.0560225 0.0590375 0.0420292 0.0455652 0.0605222 0.0647884 0.0627683 0.0604831 0.0618262 0.0647341 0.0427406 0.0647231 0.0652701 0.0479082 0.0560225 0.0658530 0.0455400 0.0441581 0.0612965 0.0507622 0.0561267 0.0586976 0.0615169 0.0835905 0.0834848 0.0893268 0.0816868 0.0800733 0.0824792 0.0835533 0.0818426 0.0836720 0.0836244 0.0810309 0.0817062 0.0902437 0.0816529 0.0866003 0.0936014 0.0825233 0.0919934 0.0824903 0.0807379 0.0872191 0.0962589 0.0970859 0.0963114 0.0962589 0.0979443 0.0965738 0.0971095 0.0999094 0.0998911 0.0989095 0.0953560 0.0928011 0.0979756 0.0979443 0.0954564 0.0954799 0.0981345 0.0937627 
