108
KC297269.1 0.0000000 0.0116901 0.0091845 0.0104376 0.0033999 0.0011286 0.0022608 0.0140806 0.0152398 0.0104294 0.0176853 0.0129025 0.0045444 0.0128216 0.0103680 0.0613617 0.0080166 0.0116375 0.0127556 0.0163948 0.0176733 0.0202695 0.0129156 0.0104294 0.0189593 0.0153623 0.0127672 0.0164523 0.0140833 0.0033999 0.0165309 0.0301265 0.0201496 0.0200931 0.0068794 0.0213209 0.0289514 0.0152398 0.0225666 0.0200223 0.0165881 0.0225666 0.0103592 0.0176853 0.0894347 0.0187846 0.0152536 0.0189465 0.0213233 0.0411252 0.0166514 0.0116251 0.0092018 0.0128853 0.0252202 0.0384881 0.0215835 0.0251737 0.0128853 0.0316080 0.0213233 0.0128658 0.0345722 0.0165409 0.0275711 0.0289283 0.0301014 0.0301054 0.0326915 0.0276797 0.0277736 0.0275541 0.0289820 0.0356836 0.0226036 0.0276797 0.0328370 0.0289820 0.0287648 0.0303711 0.0338048 0.0313458 0.0290267 0.0290500 0.0212686 0.0355128 0.0239182 0.0290392 0.0304732 0.0287971 0.0383687 0.0370804 0.0379034 0.0317874 0.0304566 0.0251253 0.0316718 0.0418777 0.0395636 0.0326173 0.0331101 0.0412347 0.0382061 0.0392569 0.0238743 0.0250612 0.0339875 0.0397056 
KC297404.1 0.0116901 0.0000000 0.0116449 0.0057446 0.0152979 0.0128900 0.0140843 0.0069035 0.0057245 0.0057401 0.0127684 0.0057506 0.0165158 0.0080831 0.0128538 0.0552342 0.0104544 0.0069173 0.0152920 0.0116007 0.0080542 0.0128585 0.0057563 0.0057401 0.0139987 0.0081104 0.0177332 0.0092185 0.0069048 0.0152979 0.0116249 0.0330146 0.0127834 0.0127483 0.0093038 0.0267447 0.0318255 0.0057245 0.0253061 0.0227026 0.0092935 0.0253061 0.0128427 0.0127684 0.0903501 0.0214388 0.0104615 0.0140760 0.0265495 0.0355689 0.0093281 0.0069100 0.0116671 0.0057432 0.0280285 0.0329922 0.0165247 0.0279761 0.0057432 0.0359001 0.0265495 0.0057347 0.0375965 0.0092676 0.0291188 0.0317998 0.0316859 0.0329913 0.0356299 0.0305290 0.0306345 0.0278186 0.0318597 0.0427801 0.0241032 0.0305290 0.0357905 0.0318597 0.0316182 0.0332862 0.0367505 0.0342529 0.0319101 0.0319360 0.0317865 0.0385251 0.0266960 0.0319236 0.0334000 0.0329840 0.0414547 0.0428266 0.0369813 0.0347416 0.0360005 0.0279215 0.0346138 0.0449983 0.0426634 0.0342371 0.0360928 0.0430149 0.0386183 0.0409811 0.0291871 0.0278493 0.0369516 0.0428185 
JX976359.1 0.0091845 0.0116449 0.0000000 0.0103977 0.0127124 0.0103571 0.0115261 0.0140259 0.0151817 0.0103894 0.0200459 0.0128525 0.0139023 0.0127722 0.0080009 0.0639457 0.0011253 0.0115927 0.0103544 0.0163312 0.0176043 0.0201893 0.0128654 0.0103894 0.0213316 0.0128951 0.0127192 0.0188054 0.0140286 0.0127124 0.0188964 0.0274945 0.0200703 0.0200143 0.0068534 0.0213922 0.0263259 0.0151817 0.0200304 0.0175269 0.0165229 0.0200304 0.0079942 0.0200459 0.1001109 0.0163067 0.0128046 0.0164462 0.0212394 0.0436099 0.0165857 0.0115804 0.0068474 0.0128354 0.0226353 0.0409651 0.0239849 0.0225939 0.0128354 0.0302503 0.0212394 0.0128160 0.0344293 0.0164760 0.0249724 0.0263050 0.0249825 0.0274752 0.0275144 0.0250703 0.0251543 0.0224899 0.0263534 0.0368881 0.0200628 0.0250703 0.0301597 0.0263534 0.0261571 0.0277161 0.0311391 0.0287027 0.0263934 0.0264145 0.0262934 0.0327964 0.0213541 0.0289219 0.0303491 0.0274696 0.0382095 0.0369268 0.0377480 0.0316575 0.0303326 0.0225508 0.0289993 0.0390956 0.0393995 0.0299592 0.0329743 0.0410617 0.0380482 0.0365062 0.0237795 0.0224937 0.0313063 0.0395403 
KC297243.1 0.0104376 0.0057446 0.0103977 0.0000000 0.0140085 0.0116251 0.0128079 0.0080726 0.0092176 0.0022689 0.0115870 0.0069166 0.0152136 0.0068740 0.0115927 0.0552153 0.0092195 0.0057193 0.0140032 0.0103585 0.0115790 0.0140594 0.0069234 0.0022689 0.0128092 0.0092904 0.0164196 0.0127557 0.0057437 0.0140085 0.0128166 0.0289886 0.0116005 0.0115687 0.0080766 0.0253202 0.0303502 0.0092176 0.0239054 0.0213344 0.0104792 0.0239054 0.0115828 0.0115870 0.0888121 0.0200850 0.0092824 0.0152837 0.0251369 0.0316480 0.0105183 0.0011315 0.0104173 0.0069077 0.0265903 0.0291042 0.0177454 0.0265409 0.0069077 0.0343750 0.0251369 0.0045796 0.0360387 0.0104500 0.0264332 0.0303259 0.0289644 0.0289682 0.0315541 0.0290676 0.0266278 0.0251538 0.0303825 0.0411736 0.0214629 0.0290676 0.0316949 0.0303825 0.0276298 0.0317885 0.0326732 0.0327585 0.0278820 0.0279044 0.0277752 0.0369727 0.0252745 0.0278942 0.0293230 0.0289621 0.0372195 0.0412178 0.0341787 0.0306368 0.0344702 0.0239841 0.0331011 0.0407421 0.0384184 0.0314823 0.0319590 0.0387316 0.0370613 0.0367991 0.0277424 0.0264216 0.0328503 0.0385566 
KC297362.1 0.0033999 0.0152979 0.0127124 0.0140085 0.0000000 0.0045440 0.0056890 0.0177180 0.0188815 0.0139974 0.0213620 0.0165303 0.0080048 0.0164270 0.0139157 0.0657057 0.0115273 0.0152285 0.0163420 0.0200386 0.0213475 0.0240042 0.0165472 0.0139974 0.0226625 0.0190329 0.0163570 0.0201093 0.0177215 0.0068443 0.0202073 0.0339617 0.0238616 0.0237942 0.0103869 0.0250373 0.0327832 0.0188815 0.0263011 0.0237098 0.0202764 0.0263011 0.0139038 0.0213620 0.0908710 0.0224528 0.0188986 0.0226474 0.0250403 0.0451581 0.0203544 0.0152120 0.0127354 0.0165079 0.0290126 0.0424902 0.0253493 0.0289588 0.0165079 0.0354857 0.0250403 0.0164829 0.0385291 0.0202193 0.0313711 0.0327570 0.0339331 0.0339381 0.0365604 0.0314949 0.0316031 0.0313513 0.0328181 0.0396332 0.0263449 0.0314949 0.0367238 0.0328181 0.0325715 0.0342387 0.0376692 0.0351906 0.0328699 0.0328962 0.0249757 0.0394423 0.0276867 0.0328835 0.0330142 0.0326077 0.0423576 0.0410565 0.0418410 0.0356884 0.0343358 0.0289026 0.0355582 0.0458678 0.0435554 0.0364772 0.0370315 0.0452786 0.0421775 0.0432157 0.0276354 0.0288286 0.0378736 0.0437124 
KC297370.1 0.0011286 0.0128900 0.0103571 0.0116251 0.0045440 0.0000000 0.0033993 0.0152905 0.0164523 0.0116158 0.0189093 0.0141093 0.0056940 0.0140206 0.0115474 0.0628130 0.0091836 0.0128318 0.0139493 0.0176075 0.0188964 0.0215132 0.0141236 0.0116158 0.0201923 0.0165838 0.0139610 0.0176694 0.0152934 0.0045440 0.0177541 0.0314052 0.0213857 0.0213256 0.0080451 0.0225587 0.0302288 0.0164523 0.0238106 0.0212503 0.0178156 0.0238106 0.0115376 0.0189093 0.0910145 0.0200059 0.0164662 0.0201787 0.0225613 0.0424711 0.0178838 0.0128181 0.0103766 0.0140904 0.0264839 0.0398234 0.0228384 0.0264349 0.0140904 0.0329010 0.0225613 0.0140691 0.0358920 0.0177648 0.0288377 0.0302046 0.0313789 0.0313833 0.0339818 0.0289514 0.0290500 0.0288198 0.0302608 0.0370011 0.0238499 0.0289514 0.0341332 0.0302608 0.0300338 0.0316606 0.0350937 0.0326278 0.0303078 0.0303322 0.0225033 0.0368237 0.0251737 0.0303207 0.0317674 0.0300674 0.0396997 0.0384069 0.0392172 0.0330882 0.0317499 0.0263839 0.0329678 0.0432095 0.0408957 0.0339046 0.0344179 0.0425843 0.0395312 0.0405779 0.0251273 0.0263165 0.0352837 0.0410427 
KC297375.1 0.0022608 0.0140843 0.0115261 0.0128079 0.0056890 0.0033993 0.0000000 0.0164928 0.0176554 0.0127977 0.0201228 0.0140980 0.0068437 0.0152131 0.0127232 0.0627624 0.0103479 0.0140206 0.0151356 0.0188110 0.0201091 0.0214959 0.0153251 0.0127977 0.0214138 0.0165705 0.0151494 0.0188772 0.0164960 0.0056890 0.0189689 0.0326635 0.0226094 0.0225457 0.0092090 0.0237832 0.0314867 0.0176554 0.0250403 0.0224660 0.0190336 0.0250403 0.0127124 0.0201228 0.0892526 0.0212160 0.0176714 0.0213994 0.0237859 0.0437876 0.0191066 0.0140055 0.0115479 0.0152888 0.0277311 0.0411315 0.0240786 0.0276797 0.0152888 0.0341724 0.0237859 0.0152657 0.0371876 0.0189802 0.0300860 0.0314615 0.0326362 0.0326408 0.0352496 0.0302046 0.0303078 0.0300671 0.0315201 0.0382936 0.0238308 0.0302046 0.0354069 0.0315201 0.0312836 0.0329294 0.0363595 0.0338886 0.0315694 0.0315947 0.0237247 0.0381097 0.0264138 0.0315827 0.0330408 0.0313184 0.0410034 0.0397072 0.0405045 0.0343671 0.0330225 0.0276262 0.0342419 0.0445116 0.0421997 0.0351695 0.0357027 0.0439043 0.0408294 0.0418714 0.0263650 0.0275556 0.0365564 0.0423515 
KC297397.1 0.0140806 0.0069035 0.0140259 0.0080726 0.0177180 0.0152905 0.0164928 0.0000000 0.0103846 0.0080662 0.0127638 0.0080810 0.0189463 0.0104313 0.0152474 0.0580053 0.0128252 0.0092575 0.0177109 0.0139723 0.0127551 0.0152527 0.0057543 0.0080662 0.0139935 0.0104667 0.0201730 0.0139361 0.0069025 0.0177180 0.0140017 0.0330001 0.0151646 0.0151228 0.0116734 0.0292831 0.0343975 0.0103846 0.0278176 0.0251844 0.0116603 0.0278176 0.0152341 0.0127638 0.0933931 0.0239084 0.0128338 0.0164829 0.0290687 0.0381580 0.0093248 0.0092478 0.0140527 0.0080706 0.0305771 0.0355635 0.0189564 0.0305197 0.0057413 0.0385140 0.0290687 0.0057327 0.0402482 0.0092644 0.0316599 0.0343698 0.0342463 0.0355629 0.0382236 0.0330909 0.0332061 0.0303474 0.0344346 0.0454580 0.0278647 0.0330909 0.0383963 0.0344346 0.0341733 0.0358812 0.0393401 0.0368315 0.0344899 0.0345177 0.0343557 0.0411573 0.0292295 0.0345040 0.0360046 0.0355548 0.0427977 0.0428062 0.0395875 0.0373581 0.0386222 0.0304599 0.0372203 0.0476654 0.0453339 0.0368143 0.0360765 0.0457082 0.0412574 0.0436189 0.0317342 0.0303809 0.0395558 0.0454990 
KC297244.1 0.0152398 0.0057245 0.0151817 0.0092176 0.0188815 0.0164523 0.0176554 0.0103846 0.0000000 0.0092103 0.0162967 0.0092273 0.0201114 0.0115798 0.0164060 0.0564235 0.0139782 0.0104054 0.0188738 0.0151239 0.0022668 0.0164117 0.0092364 0.0092103 0.0175475 0.0116191 0.0188914 0.0034053 0.0103865 0.0188815 0.0151555 0.0367760 0.0163160 0.0162711 0.0128290 0.0304720 0.0355883 0.0000010 0.0289978 0.0263575 0.0128146 0.0289978 0.0163918 0.0162967 0.0931326 0.0250792 0.0139876 0.0176447 0.0302491 0.0393468 0.0128626 0.0103944 0.0152097 0.0092153 0.0317673 0.0367510 0.0201220 0.0317078 0.0092153 0.0397133 0.0302491 0.0092015 0.0414602 0.0127788 0.0328438 0.0355598 0.0354322 0.0367505 0.0394143 0.0342805 0.0344000 0.0315289 0.0356268 0.0439684 0.0277931 0.0342805 0.0395922 0.0356268 0.0353570 0.0370788 0.0405261 0.0380191 0.0356841 0.0357129 0.0355455 0.0397065 0.0304163 0.0331024 0.0372063 0.0367420 0.0453343 0.0467194 0.0407805 0.0385616 0.0398249 0.0316456 0.0384197 0.0488648 0.0465410 0.0380012 0.0399276 0.0469246 0.0424610 0.0448157 0.0329206 0.0315637 0.0407479 0.0467102 
KC297406.1 0.0104294 0.0057401 0.0103894 0.0022689 0.0139974 0.0116158 0.0127977 0.0080662 0.0092103 0.0000000 0.0115778 0.0069111 0.0152025 0.0068686 0.0115835 0.0551709 0.0092122 0.0057148 0.0139921 0.0103503 0.0115699 0.0140482 0.0069179 0.0022671 0.0127990 0.0092830 0.0164066 0.0127456 0.0057392 0.0139974 0.0128064 0.0289655 0.0115913 0.0115596 0.0080702 0.0252999 0.0303259 0.0092103 0.0238863 0.0213175 0.0104708 0.0238863 0.0115736 0.0115778 0.0887423 0.0200691 0.0092750 0.0152715 0.0251168 0.0342524 0.0105099 0.0034114 0.0104091 0.0069022 0.0265689 0.0316870 0.0177312 0.0265196 0.0069022 0.0343474 0.0251168 0.0045759 0.0360094 0.0104417 0.0264121 0.0303016 0.0289413 0.0289451 0.0315289 0.0290443 0.0266063 0.0251337 0.0303581 0.0411404 0.0214457 0.0290443 0.0316695 0.0303581 0.0276078 0.0317629 0.0326472 0.0327324 0.0278595 0.0278820 0.0277530 0.0369430 0.0252542 0.0278717 0.0292992 0.0289390 0.0371894 0.0411845 0.0341513 0.0306120 0.0344424 0.0239648 0.0330744 0.0407096 0.0383874 0.0314571 0.0319332 0.0387002 0.0370314 0.0367696 0.0277202 0.0264005 0.0328240 0.0385254 
KC297259.1 0.0176853 0.0127684 0.0200459 0.0115870 0.0213620 0.0189093 0.0201228 0.0127638 0.0162967 0.0115778 0.0000000 0.0139757 0.0226047 0.0163705 0.0212987 0.0635346 0.0188202 0.0151773 0.0238217 0.0175488 0.0187165 0.0213056 0.0139898 0.0115778 0.0011350 0.0164264 0.0238443 0.0175018 0.0104030 0.0213620 0.0200111 0.0368346 0.0187516 0.0186997 0.0176661 0.0356921 0.0408885 0.0162967 0.0341593 0.0314519 0.0176460 0.0341593 0.0212802 0.0000010 0.0916821 0.0301458 0.0164122 0.0225672 0.0328532 0.0394094 0.0177128 0.0127759 0.0200848 0.0139581 0.0370111 0.0394209 0.0250987 0.0369412 0.0139581 0.0451094 0.0328532 0.0092161 0.0469389 0.0175962 0.0354754 0.0408557 0.0380884 0.0394207 0.0421125 0.0395570 0.0370662 0.0341452 0.0409333 0.0494676 0.0316460 0.0395570 0.0423033 0.0409333 0.0380077 0.0424301 0.0432221 0.0433386 0.0383611 0.0357074 0.0356023 0.0451016 0.0356261 0.0383761 0.0399120 0.0394114 0.0481228 0.0467946 0.0434941 0.0412820 0.0425531 0.0342722 0.0437979 0.0516568 0.0493325 0.0380616 0.0399920 0.0497406 0.0479157 0.0475698 0.0355584 0.0341831 0.0434594 0.0495125 
HQ699266.1 0.0129025 0.0057506 0.0128525 0.0069166 0.0165303 0.0141093 0.0140980 0.0080810 0.0092273 0.0069111 0.0139757 0.0000000 0.0177553 0.0092687 0.0140696 0.0561480 0.0116550 0.0080972 0.0165238 0.0128035 0.0115913 0.0103708 0.0069307 0.0069111 0.0152160 0.0057111 0.0189803 0.0127693 0.0080826 0.0165303 0.0128303 0.0343535 0.0139922 0.0139546 0.0105021 0.0280559 0.0331620 0.0092273 0.0266011 0.0239784 0.0104904 0.0266011 0.0140574 0.0139757 0.0867754 0.0227064 0.0116629 0.0153004 0.0278504 0.0394742 0.0105296 0.0080887 0.0128771 0.0069149 0.0293469 0.0343301 0.0177649 0.0292919 0.0069149 0.0372648 0.0278504 0.0069046 0.0389836 0.0104611 0.0304351 0.0331352 0.0330162 0.0343294 0.0369836 0.0318582 0.0319689 0.0291265 0.0331978 0.0441892 0.0240093 0.0318582 0.0371508 0.0331978 0.0369507 0.0346369 0.0381038 0.0355966 0.0332507 0.0332777 0.0331214 0.0372584 0.0280046 0.0332646 0.0347559 0.0343216 0.0428573 0.0442375 0.0383437 0.0361058 0.0373694 0.0292345 0.0359726 0.0464051 0.0440684 0.0355801 0.0374657 0.0444324 0.0400004 0.0423662 0.0305066 0.0291587 0.0383128 0.0442290 
KC297293.1 0.0045444 0.0165158 0.0139023 0.0152136 0.0080048 0.0056940 0.0068437 0.0189463 0.0201114 0.0152025 0.0226047 0.0177553 0.0000000 0.0176441 0.0151126 0.0642941 0.0127124 0.0164417 0.0175526 0.0212698 0.0225894 0.0252672 0.0177736 0.0152025 0.0239146 0.0202741 0.0163569 0.0213450 0.0189500 0.0080048 0.0214493 0.0352612 0.0251169 0.0250458 0.0115696 0.0262944 0.0340813 0.0201114 0.0275646 0.0249568 0.0215239 0.0275646 0.0150997 0.0226047 0.0926444 0.0236928 0.0201296 0.0238986 0.0262975 0.0465278 0.0216059 0.0164239 0.0139286 0.0177311 0.0302964 0.0438487 0.0266229 0.0302401 0.0177311 0.0368001 0.0262975 0.0177052 0.0398712 0.0214621 0.0326581 0.0340541 0.0352315 0.0352368 0.0378720 0.0327871 0.0303398 0.0326372 0.0341178 0.0409730 0.0276108 0.0327871 0.0354446 0.0341178 0.0338611 0.0355494 0.0389796 0.0364938 0.0316028 0.0316282 0.0262296 0.0381507 0.0289621 0.0341859 0.0356706 0.0338986 0.0437116 0.0424058 0.0431773 0.0370109 0.0356505 0.0289291 0.0368756 0.0472230 0.0422457 0.0377858 0.0383613 0.0466521 0.0408737 0.0445596 0.0289083 0.0301038 0.0391914 0.0423978 
KC297410.1 0.0128216 0.0080831 0.0127722 0.0068740 0.0164270 0.0140206 0.0152131 0.0104313 0.0115798 0.0068686 0.0163705 0.0092687 0.0176441 0.0000000 0.0139813 0.0567026 0.0115824 0.0011270 0.0164206 0.0127248 0.0139647 0.0164856 0.0092779 0.0068686 0.0176274 0.0116718 0.0188601 0.0151518 0.0104333 0.0164270 0.0152233 0.0315635 0.0163900 0.0163447 0.0104366 0.0253459 0.0303814 0.0115798 0.0239295 0.0213557 0.0128728 0.0239295 0.0139693 0.0163705 0.0951252 0.0201049 0.0140512 0.0177245 0.0251622 0.0369151 0.0129212 0.0080387 0.0127965 0.0092566 0.0266174 0.0369260 0.0177630 0.0265679 0.0092566 0.0344108 0.0251622 0.0092428 0.0360767 0.0128367 0.0315247 0.0303570 0.0315369 0.0315413 0.0341535 0.0290973 0.0291970 0.0276889 0.0304137 0.0412173 0.0239692 0.0290973 0.0343065 0.0304137 0.0301845 0.0318214 0.0327067 0.0327922 0.0304613 0.0304858 0.0303441 0.0370114 0.0253001 0.0304743 0.0319293 0.0315345 0.0399038 0.0412616 0.0368053 0.0332571 0.0345062 0.0265164 0.0331355 0.0434299 0.0411055 0.0340755 0.0345940 0.0414420 0.0371002 0.0394511 0.0277707 0.0264483 0.0354622 0.0412540 
KC297281.1 0.0103680 0.0128538 0.0080009 0.0115927 0.0139157 0.0115474 0.0127232 0.0152474 0.0164060 0.0115835 0.0212987 0.0140696 0.0151126 0.0139813 0.0000000 0.0654862 0.0068411 0.0127960 0.0115444 0.0175581 0.0188430 0.0214516 0.0140838 0.0115835 0.0225950 0.0141164 0.0139231 0.0200499 0.0152503 0.0139157 0.0201474 0.0275475 0.0213248 0.0212651 0.0080230 0.0214331 0.0263767 0.0164060 0.0200684 0.0175598 0.0177649 0.0200684 0.0091674 0.0212987 0.1018692 0.0163372 0.0140170 0.0176821 0.0212797 0.0450151 0.0178327 0.0127823 0.0080159 0.0140507 0.0226787 0.0423562 0.0252727 0.0226371 0.0140507 0.0303093 0.0212797 0.0140295 0.0344977 0.0177153 0.0275137 0.0263556 0.0275247 0.0275281 0.0300852 0.0251185 0.0252028 0.0250051 0.0264043 0.0369613 0.0201009 0.0251185 0.0302184 0.0264043 0.0262072 0.0277699 0.0311993 0.0262556 0.0264444 0.0264656 0.0238524 0.0328606 0.0213949 0.0289781 0.0304086 0.0275225 0.0382855 0.0370002 0.0378223 0.0317197 0.0303920 0.0225939 0.0290558 0.0391728 0.0394778 0.0300171 0.0330393 0.0411442 0.0381236 0.0365779 0.0238250 0.0225365 0.0313672 0.0396192 
KC297324.1 0.0613617 0.0552342 0.0639457 0.0552153 0.0657057 0.0628130 0.0627624 0.0580053 0.0564235 0.0551709 0.0635346 0.0561480 0.0642941 0.0567026 0.0654862 0.0000000 0.0624849 0.0581361 0.0640089 0.0636757 0.0592820 0.0646892 0.0549693 0.0551709 0.0637694 0.0590083 0.0640805 0.0606514 0.0565882 0.0657057 0.0552434 0.0841208 0.0636282 0.0634337 0.0583348 0.0784945 0.0782210 0.0564235 0.0733263 0.0700459 0.0554470 0.0733263 0.0638945 0.0635346 0.1078046 0.0685018 0.0553293 0.0596797 0.0717996 0.0565930 0.0595870 0.0566308 0.0596046 0.0566208 0.0738773 0.0567550 0.0672170 0.0737288 0.0566208 0.0832175 0.0717996 0.0551106 0.0872267 0.0596242 0.0793029 0.0781587 0.0761906 0.0810337 0.0841843 0.0766979 0.0754706 0.0778403 0.0783164 0.0853095 0.0686577 0.0766979 0.0845907 0.0783164 0.0841087 0.0801689 0.0852569 0.0793297 0.0769330 0.0769947 0.0782870 0.0832032 0.0722225 0.0769464 0.0819647 0.0810052 0.0882468 0.0901312 0.0858169 0.0835731 0.0819890 0.0720539 0.0817595 0.0952872 0.0895047 0.0839833 0.0852196 0.0904536 0.0865051 0.0905674 0.0720714 0.0764755 0.0857491 0.0898480 
JX976357.1 0.0080166 0.0104544 0.0011253 0.0092195 0.0115273 0.0091836 0.0103479 0.0128252 0.0139782 0.0092122 0.0188202 0.0116550 0.0127124 0.0115824 0.0068411 0.0624849 0.0000000 0.0104076 0.0091813 0.0151273 0.0163900 0.0189545 0.0116667 0.0092122 0.0200967 0.0116936 0.0115335 0.0175865 0.0128276 0.0115273 0.0176714 0.0262344 0.0188430 0.0187905 0.0056971 0.0201536 0.0250673 0.0139782 0.0188056 0.0163182 0.0153044 0.0188056 0.0068353 0.0188202 0.0984784 0.0151046 0.0116117 0.0152326 0.0200100 0.0422590 0.0153624 0.0103966 0.0056921 0.0116396 0.0213908 0.0396253 0.0227288 0.0213517 0.0116396 0.0289685 0.0200100 0.0116221 0.0331170 0.0152611 0.0262023 0.0250473 0.0262128 0.0262159 0.0287551 0.0238175 0.0238969 0.0237104 0.0250934 0.0355702 0.0188358 0.0238175 0.0288819 0.0250934 0.0249067 0.0264454 0.0298682 0.0274390 0.0251312 0.0251513 0.0250362 0.0315037 0.0201178 0.0276483 0.0290628 0.0262106 0.0368853 0.0356073 0.0364409 0.0303643 0.0290471 0.0213112 0.0277221 0.0377811 0.0380740 0.0286902 0.0316740 0.0397185 0.0367299 0.0352027 0.0225348 0.0212573 0.0300283 0.0382098 
KC297409.1 0.0116375 0.0069173 0.0115927 0.0057193 0.0152285 0.0128318 0.0140206 0.0092575 0.0104054 0.0057148 0.0151773 0.0080972 0.0164417 0.0011270 0.0127960 0.0581361 0.0104076 0.0000000 0.0152226 0.0115489 0.0127808 0.0152839 0.0081052 0.0057148 0.0164264 0.0104878 0.0176535 0.0139632 0.0092593 0.0152285 0.0140301 0.0328588 0.0151953 0.0151533 0.0092622 0.0266194 0.0316752 0.0104054 0.0251885 0.0225981 0.0116839 0.0251885 0.0127850 0.0151773 0.0936121 0.0213404 0.0128599 0.0165167 0.0264260 0.0382404 0.0117277 0.0068794 0.0116147 0.0080867 0.0278968 0.0356400 0.0189945 0.0278449 0.0080867 0.0357286 0.0264260 0.0080746 0.0374146 0.0116512 0.0302652 0.0316498 0.0328311 0.0328358 0.0354609 0.0303852 0.0304897 0.0289644 0.0317091 0.0425723 0.0252305 0.0303852 0.0356200 0.0317091 0.0314698 0.0331278 0.0340018 0.0340911 0.0317590 0.0317846 0.0316365 0.0383403 0.0265711 0.0317724 0.0332406 0.0328285 0.0412536 0.0426183 0.0381263 0.0345753 0.0358280 0.0277907 0.0344486 0.0447810 0.0424567 0.0353799 0.0359194 0.0428048 0.0384325 0.0407846 0.0290502 0.0277192 0.0367759 0.0426102 
KC297377.1 0.0127556 0.0152920 0.0103544 0.0140032 0.0163420 0.0139493 0.0151356 0.0177109 0.0188738 0.0139921 0.0238217 0.0165238 0.0175526 0.0164206 0.0115444 0.0640089 0.0091813 0.0152226 0.0000000 0.0200304 0.0213387 0.0239938 0.0153069 0.0139921 0.0251390 0.0165791 0.0115644 0.0225569 0.0177144 0.0163420 0.0226674 0.0288140 0.0238513 0.0237840 0.0080296 0.0226786 0.0276418 0.0188738 0.0188248 0.0163346 0.0202690 0.0188248 0.0091750 0.0238217 0.1019578 0.0151198 0.0164615 0.0176969 0.0225159 0.0423055 0.0190834 0.0152062 0.0034047 0.0165014 0.0239300 0.0396686 0.0278646 0.0238860 0.0165014 0.0315974 0.0225159 0.0164764 0.0358161 0.0202110 0.0262746 0.0276198 0.0287901 0.0287938 0.0313633 0.0263778 0.0226718 0.0262586 0.0276709 0.0382849 0.0213348 0.0263778 0.0315024 0.0276709 0.0274641 0.0290471 0.0324763 0.0300280 0.0239027 0.0239218 0.0276078 0.0341593 0.0226381 0.0302581 0.0317013 0.0287878 0.0396153 0.0383254 0.0391349 0.0330190 0.0316839 0.0238403 0.0303394 0.0404927 0.0408087 0.0312923 0.0330408 0.0424927 0.0394475 0.0378870 0.0250764 0.0237796 0.0326513 0.0409551 
KC297373.1 0.0163948 0.0116007 0.0163312 0.0103585 0.0200386 0.0176075 0.0188110 0.0139723 0.0151239 0.0103503 0.0175488 0.0128035 0.0212698 0.0127248 0.0175581 0.0636757 0.0151273 0.0115489 0.0200304 0.0000000 0.0175369 0.0201111 0.0128163 0.0103503 0.0188121 0.0152433 0.0224986 0.0187333 0.0139750 0.0200386 0.0188236 0.0353629 0.0175698 0.0175212 0.0139797 0.0290987 0.0367685 0.0151239 0.0276438 0.0250282 0.0152593 0.0276438 0.0175429 0.0175488 0.0965274 0.0237606 0.0176458 0.0213680 0.0288869 0.0407874 0.0165215 0.0115366 0.0163624 0.0127865 0.0329478 0.0381733 0.0238910 0.0328861 0.0127865 0.0409008 0.0288869 0.0127673 0.0426598 0.0164138 0.0353198 0.0367391 0.0353330 0.0353384 0.0405935 0.0354599 0.0329956 0.0314412 0.0368082 0.0478645 0.0276904 0.0354599 0.0407763 0.0368082 0.0326951 0.0382653 0.0417003 0.0391954 0.0316944 0.0342986 0.0341386 0.0435461 0.0315937 0.0368823 0.0383968 0.0379183 0.0465309 0.0479172 0.0433020 0.0397536 0.0410156 0.0328218 0.0396076 0.0500501 0.0477345 0.0378946 0.0411214 0.0481271 0.0436521 0.0459995 0.0340970 0.0327370 0.0419280 0.0479076 
KC297278.1 0.0176733 0.0080542 0.0176043 0.0115790 0.0213475 0.0188964 0.0201091 0.0127551 0.0022668 0.0115699 0.0187165 0.0115913 0.0225894 0.0139647 0.0188430 0.0592820 0.0163900 0.0127808 0.0213387 0.0175369 0.0000000 0.0188493 0.0116029 0.0115699 0.0199854 0.0140123 0.0213587 0.0057035 0.0127575 0.0213475 0.0175738 0.0394223 0.0187390 0.0186871 0.0152372 0.0330744 0.0382317 0.0022668 0.0315708 0.0288966 0.0152199 0.0315708 0.0188266 0.0187165 0.0947343 0.0276042 0.0164010 0.0200967 0.0328315 0.0420129 0.0152773 0.0127671 0.0176382 0.0115761 0.0343818 0.0367853 0.0226013 0.0343171 0.0115761 0.0424055 0.0328315 0.0115588 0.0441938 0.0151782 0.0354520 0.0382011 0.0380635 0.0393950 0.0420852 0.0369119 0.0370417 0.0341227 0.0382734 0.0467129 0.0303610 0.0369119 0.0422758 0.0382734 0.0379829 0.0397480 0.0431943 0.0406727 0.0383359 0.0383668 0.0381862 0.0423981 0.0330136 0.0357321 0.0398857 0.0393857 0.0480918 0.0494909 0.0434661 0.0385982 0.0425254 0.0342495 0.0411026 0.0516243 0.0493010 0.0406532 0.0426359 0.0442517 0.0425014 0.0475394 0.0355350 0.0341606 0.0434313 0.0494808 
HQ699265.1 0.0202695 0.0128585 0.0201893 0.0140594 0.0240042 0.0215132 0.0214959 0.0152527 0.0164117 0.0140482 0.0213056 0.0103708 0.0252672 0.0164856 0.0214516 0.0646892 0.0189545 0.0152839 0.0239938 0.0201111 0.0188493 0.0000000 0.0140889 0.0140482 0.0226023 0.0115462 0.0265260 0.0200566 0.0152557 0.0240042 0.0201540 0.0423956 0.0213317 0.0212720 0.0177915 0.0359577 0.0411942 0.0164117 0.0344114 0.0316823 0.0177710 0.0344114 0.0214328 0.0213056 0.0945814 0.0303660 0.0189673 0.0227298 0.0356907 0.0447664 0.0178389 0.0152673 0.0202287 0.0140558 0.0372871 0.0423660 0.0252805 0.0372162 0.0140558 0.0454499 0.0356907 0.0140346 0.0472972 0.0177214 0.0383571 0.0411610 0.0410111 0.0423662 0.0451033 0.0398523 0.0399948 0.0370030 0.0412397 0.0512090 0.0317243 0.0398523 0.0453097 0.0412397 0.0435674 0.0427495 0.0462162 0.0423157 0.0413086 0.0413421 0.0384281 0.0481594 0.0358908 0.0413243 0.0428997 0.0423558 0.0512472 0.0526712 0.0465096 0.0442935 0.0455801 0.0371419 0.0414389 0.0548038 0.0524668 0.0436408 0.0457004 0.0529051 0.0468987 0.0506523 0.0384475 0.0370445 0.0464722 0.0526600 
KC297289.1 0.0129156 0.0057563 0.0128654 0.0069234 0.0165472 0.0141236 0.0153251 0.0057543 0.0092364 0.0069179 0.0139898 0.0069307 0.0177736 0.0092779 0.0140838 0.0549693 0.0116667 0.0081052 0.0153069 0.0128163 0.0116029 0.0140889 0.0000000 0.0069179 0.0152314 0.0093095 0.0177507 0.0127821 0.0080906 0.0165472 0.0128432 0.0317493 0.0140063 0.0139676 0.0105126 0.0267719 0.0318582 0.0092364 0.0253316 0.0227253 0.0105009 0.0253316 0.0128552 0.0139898 0.0904550 0.0214601 0.0116746 0.0140897 0.0265763 0.0356057 0.0034248 0.0080967 0.0116784 0.0069217 0.0280571 0.0330261 0.0177831 0.0280046 0.0045956 0.0359375 0.0265763 0.0069114 0.0376361 0.0081112 0.0278676 0.0318325 0.0304264 0.0302606 0.0343557 0.0305603 0.0306660 0.0265729 0.0318925 0.0428255 0.0240585 0.0305603 0.0345105 0.0318925 0.0316505 0.0333207 0.0354787 0.0329854 0.0319430 0.0319689 0.0318191 0.0385654 0.0267231 0.0319565 0.0334347 0.0317199 0.0414986 0.0428722 0.0357016 0.0347779 0.0360381 0.0279498 0.0346498 0.0436924 0.0427086 0.0329704 0.0361307 0.0430608 0.0386588 0.0396876 0.0292169 0.0278775 0.0356728 0.0428640 
KC297382.1 0.0104294 0.0057401 0.0103894 0.0022689 0.0139974 0.0116158 0.0127977 0.0080662 0.0092103 0.0022671 0.0115778 0.0069111 0.0152025 0.0068686 0.0115835 0.0551709 0.0092122 0.0057148 0.0139921 0.0103503 0.0115699 0.0140482 0.0069179 0.0000000 0.0127990 0.0092830 0.0164066 0.0127456 0.0057392 0.0139974 0.0128064 0.0289655 0.0115913 0.0115596 0.0080702 0.0252999 0.0303259 0.0092103 0.0238863 0.0213175 0.0104708 0.0238863 0.0115736 0.0115778 0.0887423 0.0200691 0.0092750 0.0152715 0.0251168 0.0342524 0.0105099 0.0034114 0.0104091 0.0069022 0.0265689 0.0316870 0.0177312 0.0265196 0.0069022 0.0343474 0.0251168 0.0045759 0.0360094 0.0104417 0.0264121 0.0303016 0.0289413 0.0289451 0.0315289 0.0290443 0.0266063 0.0251337 0.0303581 0.0411404 0.0214457 0.0290443 0.0316695 0.0303581 0.0276078 0.0317629 0.0326472 0.0327324 0.0278595 0.0278820 0.0277530 0.0369430 0.0252542 0.0278717 0.0292992 0.0289390 0.0371894 0.0411845 0.0341513 0.0306120 0.0344424 0.0239648 0.0330744 0.0407096 0.0383874 0.0314571 0.0319332 0.0387002 0.0370314 0.0367696 0.0277202 0.0264005 0.0328240 0.0385254 
KC297249.1 0.0189593 0.0139987 0.0213316 0.0128092 0.0226625 0.0201923 0.0214138 0.0139935 0.0175475 0.0127990 0.0011350 0.0152160 0.0239146 0.0176274 0.0225950 0.0637694 0.0200967 0.0164264 0.0251390 0.0188121 0.0199854 0.0226023 0.0152314 0.0127990 0.0000000 0.0176879 0.0251629 0.0187615 0.0116164 0.0226625 0.0212944 0.0382567 0.0200231 0.0199673 0.0189386 0.0371121 0.0423432 0.0175475 0.0355595 0.0328272 0.0189169 0.0355595 0.0225752 0.0011350 0.0935392 0.0315104 0.0176726 0.0238746 0.0342434 0.0408483 0.0189888 0.0140068 0.0213732 0.0151966 0.0384409 0.0408603 0.0264267 0.0383680 0.0151966 0.0466010 0.0342434 0.0104196 0.0484580 0.0188632 0.0368858 0.0423092 0.0395175 0.0408603 0.0435727 0.0410020 0.0384986 0.0355446 0.0423899 0.0509987 0.0330310 0.0410020 0.0437710 0.0423899 0.0394337 0.0439028 0.0446834 0.0434937 0.0398021 0.0371283 0.0370184 0.0465929 0.0370432 0.0398174 0.0413718 0.0408504 0.0496450 0.0483085 0.0449657 0.0427527 0.0440307 0.0356774 0.0452814 0.0531883 0.0508589 0.0394897 0.0414552 0.0512814 0.0494305 0.0490719 0.0369724 0.0355843 0.0449297 0.0510452 
HQ699275.1 0.0153623 0.0081104 0.0128951 0.0092904 0.0190329 0.0165838 0.0165705 0.0104667 0.0116191 0.0092830 0.0164264 0.0057111 0.0202741 0.0116718 0.0141164 0.0590083 0.0116936 0.0104878 0.0165791 0.0152433 0.0140123 0.0115462 0.0093095 0.0092830 0.0176879 0.0000000 0.0190431 0.0152034 0.0104687 0.0190329 0.0152756 0.0344712 0.0164461 0.0164004 0.0129316 0.0281510 0.0332759 0.0116191 0.0266916 0.0240593 0.0129169 0.0266916 0.0141041 0.0164264 0.0914355 0.0227829 0.0117015 0.0153514 0.0279452 0.0407840 0.0129657 0.0104767 0.0129199 0.0092880 0.0294476 0.0370577 0.0202840 0.0293922 0.0092880 0.0373938 0.0279452 0.0092741 0.0418144 0.0128806 0.0331163 0.0332489 0.0331291 0.0344470 0.0371107 0.0319675 0.0320790 0.0292256 0.0333119 0.0443436 0.0240905 0.0319675 0.0372790 0.0333119 0.0356429 0.0347566 0.0382342 0.0357185 0.0333653 0.0333924 0.0332351 0.0400417 0.0281004 0.0359980 0.0375207 0.0344392 0.0457219 0.0443923 0.0411233 0.0388882 0.0374991 0.0293344 0.0360971 0.0465658 0.0469382 0.0357019 0.0402667 0.0473282 0.0428215 0.0425126 0.0306109 0.0292581 0.0384446 0.0471103 
KC297325.1 0.0127672 0.0177332 0.0127192 0.0164196 0.0163570 0.0139610 0.0151494 0.0201730 0.0188914 0.0164066 0.0238443 0.0189803 0.0163569 0.0188601 0.0139231 0.0640805 0.0115335 0.0176535 0.0115644 0.0224986 0.0213587 0.0265260 0.0177507 0.0164066 0.0251629 0.0190431 0.0000000 0.0201198 0.0201770 0.0163570 0.0251794 0.0313710 0.0263680 0.0262932 0.0103751 0.0251917 0.0301958 0.0188914 0.0237850 0.0212276 0.0202531 0.0237850 0.0115255 0.0238443 0.0971967 0.0199847 0.0164497 0.0128615 0.0225371 0.0450207 0.0215775 0.0176342 0.0080297 0.0189543 0.0264551 0.0423612 0.0304409 0.0264063 0.0189543 0.0341988 0.0225371 0.0189256 0.0384803 0.0227023 0.0237716 0.0301717 0.0287682 0.0313491 0.0339446 0.0289199 0.0290183 0.0287885 0.0302277 0.0383235 0.0238242 0.0289199 0.0340957 0.0302277 0.0300013 0.0316258 0.0350554 0.0325923 0.0302747 0.0302989 0.0276343 0.0341930 0.0251465 0.0302875 0.0343122 0.0313423 0.0423037 0.0383640 0.0417884 0.0356438 0.0317150 0.0263554 0.0329314 0.0431615 0.0435000 0.0338676 0.0369850 0.0452203 0.0421240 0.0405330 0.0276019 0.0262881 0.0352450 0.0436566 
KC297318.1 0.0164523 0.0092185 0.0188054 0.0127557 0.0201093 0.0176694 0.0188772 0.0139361 0.0034053 0.0127456 0.0175018 0.0127693 0.0213450 0.0151518 0.0200499 0.0606514 0.0175865 0.0139632 0.0225569 0.0187333 0.0057035 0.0200566 0.0127821 0.0127456 0.0187615 0.0152034 0.0201198 0.0000000 0.0139388 0.0201093 0.0187728 0.0407109 0.0199391 0.0198838 0.0164345 0.0343483 0.0395202 0.0034053 0.0328317 0.0301437 0.0164159 0.0328317 0.0200325 0.0175018 0.0947116 0.0288457 0.0175983 0.0213098 0.0315332 0.0433082 0.0164768 0.0139493 0.0188417 0.0127525 0.0356602 0.0406828 0.0238255 0.0355931 0.0127525 0.0437132 0.0315332 0.0127334 0.0455198 0.0163697 0.0367262 0.0394885 0.0393462 0.0406828 0.0433829 0.0381958 0.0383306 0.0353912 0.0395633 0.0480414 0.0316209 0.0381958 0.0435795 0.0395633 0.0392630 0.0410474 0.0444895 0.0419635 0.0396283 0.0396602 0.0368577 0.0437056 0.0342850 0.0370165 0.0411899 0.0406730 0.0494250 0.0480944 0.0447694 0.0425645 0.0411660 0.0355228 0.0424072 0.0529545 0.0506340 0.0419432 0.0439512 0.0510530 0.0465022 0.0488569 0.0368121 0.0354305 0.0447337 0.0508188 
KC297282.1 0.0140833 0.0069048 0.0140286 0.0057437 0.0177215 0.0152934 0.0164960 0.0069025 0.0103865 0.0057392 0.0104030 0.0080826 0.0189500 0.0104333 0.0152503 0.0565882 0.0128276 0.0092593 0.0177144 0.0139750 0.0127575 0.0152557 0.0080906 0.0057392 0.0116164 0.0104687 0.0201770 0.0139388 0.0000000 0.0177215 0.0140044 0.0304386 0.0127812 0.0127461 0.0116756 0.0292891 0.0344046 0.0103865 0.0278233 0.0251894 0.0116625 0.0278233 0.0152371 0.0104030 0.0903170 0.0239132 0.0104597 0.0164861 0.0265439 0.0355605 0.0117062 0.0069090 0.0140555 0.0080721 0.0305834 0.0329846 0.0189601 0.0305260 0.0080721 0.0385222 0.0265439 0.0011374 0.0402568 0.0116299 0.0291124 0.0343769 0.0316787 0.0329837 0.0356214 0.0330978 0.0306276 0.0278126 0.0344418 0.0426931 0.0253432 0.0330978 0.0357820 0.0344418 0.0316110 0.0358888 0.0367417 0.0368393 0.0319028 0.0319286 0.0317792 0.0384477 0.0292355 0.0319163 0.0333922 0.0329764 0.0414441 0.0401337 0.0369724 0.0347334 0.0386305 0.0279154 0.0372282 0.0449865 0.0426524 0.0342291 0.0334585 0.0430036 0.0412663 0.0409707 0.0291299 0.0277949 0.0369427 0.0428073 
KC297361.1 0.0033999 0.0152979 0.0127124 0.0140085 0.0068443 0.0045440 0.0056890 0.0177180 0.0188815 0.0139974 0.0213620 0.0165303 0.0080048 0.0164270 0.0139157 0.0657057 0.0115273 0.0152285 0.0163420 0.0200386 0.0213475 0.0240042 0.0165472 0.0139974 0.0226625 0.0190329 0.0163570 0.0201093 0.0177215 0.0000000 0.0202073 0.0339617 0.0238616 0.0237942 0.0103869 0.0250373 0.0327832 0.0188815 0.0238135 0.0212528 0.0202764 0.0238135 0.0139038 0.0213620 0.0941624 0.0224528 0.0188986 0.0226474 0.0250403 0.0451581 0.0203544 0.0152120 0.0127354 0.0165079 0.0290126 0.0424902 0.0253493 0.0289588 0.0165079 0.0354857 0.0250403 0.0164829 0.0385291 0.0202193 0.0313711 0.0327570 0.0339331 0.0339381 0.0365604 0.0314949 0.0316031 0.0313513 0.0328181 0.0396332 0.0238528 0.0314949 0.0367238 0.0328181 0.0325715 0.0342387 0.0376692 0.0351906 0.0328699 0.0328962 0.0249757 0.0394423 0.0276867 0.0328835 0.0343550 0.0326077 0.0423576 0.0410565 0.0418410 0.0356884 0.0343358 0.0289026 0.0355582 0.0458678 0.0435554 0.0364772 0.0370315 0.0439531 0.0421775 0.0432157 0.0276354 0.0288286 0.0378736 0.0437124 
JX976364.1 0.0165309 0.0116249 0.0188964 0.0128166 0.0202073 0.0177541 0.0189689 0.0140017 0.0151555 0.0128064 0.0200111 0.0128303 0.0214493 0.0152233 0.0201474 0.0552434 0.0176714 0.0140301 0.0226674 0.0188236 0.0175738 0.0201540 0.0128432 0.0128064 0.0212944 0.0152756 0.0251794 0.0187728 0.0140044 0.0202073 0.0000000 0.0356708 0.0200354 0.0199796 0.0165130 0.0345230 0.0397228 0.0151555 0.0329972 0.0302941 0.0164941 0.0329972 0.0201298 0.0200111 0.0903711 0.0289892 0.0176832 0.0189572 0.0342678 0.0342294 0.0165567 0.0140150 0.0189330 0.0128133 0.0358421 0.0316656 0.0239426 0.0357742 0.0128133 0.0412625 0.0342678 0.0127940 0.0457592 0.0164484 0.0317330 0.0396909 0.0369264 0.0356458 0.0383134 0.0383912 0.0358953 0.0329837 0.0397664 0.0482941 0.0304282 0.0383912 0.0384870 0.0397664 0.0394631 0.0399094 0.0394324 0.0421788 0.0371912 0.0372213 0.0370456 0.0466302 0.0344591 0.0372060 0.0387363 0.0356377 0.0469480 0.0510983 0.0396810 0.0401060 0.0440653 0.0357033 0.0426271 0.0477801 0.0481618 0.0395193 0.0414871 0.0485614 0.0467454 0.0437230 0.0343935 0.0356100 0.0396491 0.0483380 
MN007080.1 0.0301265 0.0330146 0.0274945 0.0289886 0.0339617 0.0314052 0.0326635 0.0330001 0.0367760 0.0289655 0.0368346 0.0343535 0.0352612 0.0315635 0.0275475 0.0841208 0.0262344 0.0328588 0.0288140 0.0353629 0.0394223 0.0423956 0.0317493 0.0289655 0.0382567 0.0344712 0.0313710 0.0407109 0.0304386 0.0339617 0.0356708 0.0000000 0.0395008 0.0393853 0.0275740 0.0289164 0.0360140 0.0367760 0.0264637 0.0240713 0.0384220 0.0264637 0.0262167 0.0368346 0.1187683 0.0206684 0.0316465 0.0355595 0.0312837 0.0593547 0.0358777 0.0302676 0.0250091 0.0343029 0.0325068 0.0565649 0.0439013 0.0324509 0.0343029 0.0362011 0.0312057 0.0291211 0.0413309 0.0383074 0.0276148 0.0359875 0.0264820 0.0161381 0.0172471 0.0336426 0.0279199 0.0241832 0.0348736 0.0412778 0.0226270 0.0336426 0.0173158 0.0372290 0.0299626 0.0349874 0.0193979 0.0372510 0.0290788 0.0291003 0.0288290 0.0422578 0.0336757 0.0325905 0.0377060 0.0150131 0.0413112 0.0464468 0.0262984 0.0363604 0.0425517 0.0277579 0.0387395 0.0274776 0.0436618 0.0276068 0.0363787 0.0452460 0.0460203 0.0286656 0.0323987 0.0276761 0.0206046 0.0451733 
KU955195.1 0.0201496 0.0127834 0.0200703 0.0116005 0.0238616 0.0213857 0.0226094 0.0151646 0.0163160 0.0115913 0.0187516 0.0139922 0.0251169 0.0163900 0.0213248 0.0636282 0.0188430 0.0151953 0.0238513 0.0175698 0.0187390 0.0213317 0.0140063 0.0115913 0.0200231 0.0164461 0.0263680 0.0199391 0.0127812 0.0238616 0.0200354 0.0395008 0.0000000 0.0022709 0.0176874 0.0357393 0.0409436 0.0163160 0.0342039 0.0314924 0.0176672 0.0342039 0.0188622 0.0187516 0.0980725 0.0301843 0.0164318 0.0225951 0.0354754 0.0420967 0.0177332 0.0127909 0.0201093 0.0139736 0.0370603 0.0394736 0.0251300 0.0369903 0.0139736 0.0451715 0.0354754 0.0115802 0.0470045 0.0176173 0.0355220 0.0409107 0.0381390 0.0394734 0.0421694 0.0396101 0.0371155 0.0341898 0.0409885 0.0522867 0.0316870 0.0396101 0.0423607 0.0409885 0.0353980 0.0424879 0.0432804 0.0433973 0.0357887 0.0384435 0.0382622 0.0478641 0.0356731 0.0384275 0.0373162 0.0394640 0.0481901 0.0523455 0.0435532 0.0413382 0.0453002 0.0343171 0.0438579 0.0517292 0.0494016 0.0381121 0.0427223 0.0498109 0.0479824 0.0476355 0.0382144 0.0368206 0.0435184 0.0495821 
KU955237.1 0.0200931 0.0127483 0.0200143 0.0115687 0.0237942 0.0213256 0.0225457 0.0151228 0.0162711 0.0115596 0.0186997 0.0139546 0.0250458 0.0163447 0.0212651 0.0634337 0.0187905 0.0151533 0.0237840 0.0175212 0.0186871 0.0212720 0.0139676 0.0115596 0.0199673 0.0164004 0.0262932 0.0198838 0.0127461 0.0237942 0.0199796 0.0393853 0.0022709 0.0000000 0.0176382 0.0356350 0.0408234 0.0162711 0.0341049 0.0314020 0.0176181 0.0341049 0.0188096 0.0186997 0.0977594 0.0300980 0.0163863 0.0225315 0.0353726 0.0419734 0.0176846 0.0127557 0.0200530 0.0139361 0.0369519 0.0393583 0.0250589 0.0368823 0.0139361 0.0450374 0.0353726 0.0115485 0.0468633 0.0175684 0.0354190 0.0407907 0.0380279 0.0393581 0.0420456 0.0394940 0.0370068 0.0340910 0.0408680 0.0521293 0.0315956 0.0394940 0.0422358 0.0408680 0.0352956 0.0423623 0.0431538 0.0432700 0.0356841 0.0383306 0.0381504 0.0477216 0.0355692 0.0383147 0.0372063 0.0393488 0.0480456 0.0521877 0.0434250 0.0412157 0.0451653 0.0342175 0.0437279 0.0515750 0.0492537 0.0380012 0.0425952 0.0496606 0.0478392 0.0474943 0.0381029 0.0367136 0.0433904 0.0494332 
KU955269.1 0.0068794 0.0093038 0.0068534 0.0080766 0.0103869 0.0080451 0.0092090 0.0116734 0.0128290 0.0080702 0.0176661 0.0105021 0.0115696 0.0104366 0.0080230 0.0583348 0.0056971 0.0092622 0.0080296 0.0139797 0.0152372 0.0177915 0.0105126 0.0080702 0.0189386 0.0129316 0.0103751 0.0164345 0.0116756 0.0103869 0.0165130 0.0275740 0.0176874 0.0176382 0.0000000 0.0214536 0.0264021 0.0128290 0.0200874 0.0175763 0.0117188 0.0200874 0.0080162 0.0176661 0.0939567 0.0163525 0.0104454 0.0140543 0.0212999 0.0383637 0.0141983 0.0092524 0.0068662 0.0104882 0.0227004 0.0357542 0.0215605 0.0226588 0.0104882 0.0303388 0.0212999 0.0104725 0.0319350 0.0141047 0.0225290 0.0263810 0.0250114 0.0275546 0.0301143 0.0251426 0.0252271 0.0250290 0.0264298 0.0369979 0.0201200 0.0251426 0.0302477 0.0264298 0.0262323 0.0277968 0.0312294 0.0287857 0.0264700 0.0264912 0.0263694 0.0328928 0.0214153 0.0264817 0.0278896 0.0275489 0.0357066 0.0370368 0.0352757 0.0291897 0.0304217 0.0226154 0.0290840 0.0392113 0.0368984 0.0300461 0.0304978 0.0385333 0.0355558 0.0366137 0.0238478 0.0225580 0.0313975 0.0370303 
MN007082.1 0.0213209 0.0267447 0.0213922 0.0253202 0.0250373 0.0225587 0.0237832 0.0292831 0.0304720 0.0252999 0.0356921 0.0280559 0.0262944 0.0253459 0.0214331 0.0784945 0.0201536 0.0266194 0.0226786 0.0290987 0.0330744 0.0359577 0.0267719 0.0252999 0.0371121 0.0281510 0.0251917 0.0343483 0.0292891 0.0250373 0.0345230 0.0289164 0.0357393 0.0356350 0.0214536 0.0000000 0.0290377 0.0304720 0.0219635 0.0196143 0.0307598 0.0219635 0.0201397 0.0356921 0.1083921 0.0207378 0.0279464 0.0292597 0.0267070 0.0554087 0.0308236 0.0265890 0.0189425 0.0254306 0.0232327 0.0554249 0.0347190 0.0255383 0.0280154 0.0326963 0.0266407 0.0279722 0.0366542 0.0319456 0.0348002 0.0313650 0.0312825 0.0255105 0.0302117 0.0290410 0.0303230 0.0289380 0.0302534 0.0401460 0.0202206 0.0290410 0.0303360 0.0302275 0.0300656 0.0315486 0.0324373 0.0374418 0.0314916 0.0315150 0.0217487 0.0399670 0.0267330 0.0338804 0.0378397 0.0266303 0.0414583 0.0466142 0.0398135 0.0364886 0.0402450 0.0278533 0.0364533 0.0410781 0.0438175 0.0312620 0.0365070 0.0479154 0.0388222 0.0423523 0.0278185 0.0254541 0.0337720 0.0453357 
