115
DQ270233.1 0.0000000 0.0648017 0.0143071 0.0543993 0.0742276 0.0734506 0.0729866 0.0674983 0.0748753 0.0814570 0.0796540 0.0762435 0.0719160 0.0736782 0.0808254 0.0207329 0.0707074 0.0719595 0.0786176 0.0747778 0.0762783 0.0207667 0.0760643 0.0781094 0.0776786 0.0746517 0.0704054 0.0827415 0.0754485 0.0207469 0.0815578 0.0207882 0.0812322 0.0742213 0.0743607 0.0724415 0.0714416 0.0726446 0.0273223 0.0745708 0.0708610 0.0722902 0.0723041 0.0850541 0.0798563 0.0619688 0.0722902 0.0762783 0.0831220 0.0766583 0.0445085 0.0724275 0.0719998 0.0719998 0.0753407 0.0645487 0.0735530 0.0491989 0.0714081 0.0724275 0.0773571 0.0683054 0.0755070 0.0762435 0.0671488 0.0738986 0.0707405 0.0740183 0.0749248 0.0774398 0.0762435 0.0723482 0.0762435 0.0791060 0.0738619 0.0862146 0.0857153 0.0862715 0.0842592 0.0794280 0.0826510 0.0861777 0.0861413 0.1010540 0.0880059 0.0871417 0.0812310 0.0794789 0.0810724 0.0812136 0.0809843 0.0844184 0.0778252 0.0827233 0.0825490 0.0861411 0.0910843 0.0913395 0.0862844 0.0968630 0.0978119 0.0859339 0.0912057 0.0892029 0.0901129 0.0861411 0.0910604 0.0921637 0.0927922 0.0891664 0.0838749 0.0894597 0.0949482 0.0910981 0.0842711 
DQ270227.1 0.0648017 0.0000000 0.0613661 0.0340218 0.0255730 0.0277432 0.0245125 0.0206632 0.0233342 0.0309209 0.0269955 0.0257311 0.0239901 0.0276679 0.0305568 0.0697754 0.0230801 0.0264133 0.0297253 0.0295447 0.0269825 0.0699041 0.0268821 0.0295646 0.0256651 0.0245107 0.0276411 0.0332466 0.0254805 0.0698302 0.0361386 0.0699801 0.0319985 0.0282337 0.0358044 0.0344012 0.0282500 0.0244175 0.0764960 0.0232537 0.0207082 0.0229009 0.0242954 0.0334135 0.0371516 0.0366963 0.0229009 0.0282241 0.0385008 0.0308815 0.0529817 0.0219031 0.0241095 0.0228245 0.0264690 0.0256013 0.0252049 0.0218538 0.0232749 0.0243288 0.0292746 0.0295679 0.0279699 0.0257311 0.0204968 0.0267377 0.0206494 0.0241403 0.0233483 0.0356112 0.0257311 0.0317435 0.0257311 0.0343071 0.0230736 0.0488554 0.0459547 0.0450269 0.0420995 0.0423748 0.0449732 0.0488325 0.0451457 0.0511461 0.0518383 0.0430948 0.0449501 0.0344909 0.0436926 0.0437563 0.0382347 0.0421675 0.0462015 0.0450162 0.0407782 0.0435010 0.0530321 0.0490650 0.0492649 0.0490301 0.0569423 0.0475684 0.0503275 0.0445384 0.0520363 0.0461416 0.0487785 0.0572424 0.0594532 0.0488606 0.0446907 0.0516992 0.0546245 0.0501185 0.0449310 
DQ270232.1 0.0143071 0.0613661 0.0000000 0.0571746 0.0721736 0.0730164 0.0709373 0.0655259 0.0727993 0.0793093 0.0775288 0.0741581 0.0683371 0.0700653 0.0786972 0.0130939 0.0718743 0.0683774 0.0764901 0.0727052 0.0741922 0.0131146 0.0739856 0.0759991 0.0755822 0.0725830 0.0668454 0.0838930 0.0733895 0.0131023 0.0794068 0.0131279 0.0790917 0.0721673 0.0723044 0.0704130 0.0694083 0.0706072 0.0193934 0.0725049 0.0688470 0.0686879 0.0734679 0.0862079 0.0810189 0.0647794 0.0686879 0.0741922 0.0809581 0.0745584 0.0399728 0.0703970 0.0684136 0.0684136 0.0717012 0.0626045 0.0699475 0.0460325 0.0693755 0.0735929 0.0785145 0.0663055 0.0701539 0.0741581 0.0636414 0.0685786 0.0719076 0.0703849 0.0728472 0.0820014 0.0741581 0.0735128 0.0741581 0.0802612 0.0686494 0.0873605 0.0868570 0.0840751 0.0854068 0.0805863 0.0838021 0.0873235 0.0872873 0.1004495 0.0891495 0.0866220 0.0823877 0.0773585 0.0822272 0.0823699 0.0821382 0.0822447 0.0789870 0.0838746 0.0836994 0.0872872 0.0922187 0.0924763 0.0874312 0.0911244 0.0938085 0.0870778 0.0923414 0.0902999 0.0912567 0.0872872 0.0905144 0.0932906 0.0939395 0.0903030 0.0850185 0.0905988 0.0926534 0.0905518 0.0854187 
DQ270230.1 0.0543993 0.0340218 0.0571746 0.0000000 0.0478225 0.0500668 0.0451216 0.0418712 0.0452979 0.0511673 0.0496003 0.0465962 0.0396472 0.0439136 0.0507812 0.0654863 0.0447411 0.0424453 0.0455524 0.0481593 0.0466204 0.0656074 0.0464983 0.0481937 0.0479381 0.0451679 0.0410726 0.0554010 0.0447188 0.0655379 0.0542080 0.0656793 0.0510334 0.0481725 0.0464439 0.0448183 0.0423072 0.0435067 0.0721433 0.0451216 0.0419743 0.0401174 0.0461794 0.0573187 0.0541470 0.0244476 0.0401174 0.0495463 0.0526712 0.0483776 0.0559898 0.0433791 0.0399652 0.0399652 0.0425432 0.0377413 0.0410530 0.0232531 0.0422849 0.0462527 0.0506619 0.0394986 0.0476071 0.0465962 0.0401066 0.0461634 0.0447643 0.0415860 0.0453275 0.0552072 0.0465962 0.0462027 0.0465962 0.0536603 0.0447197 0.0630372 0.0626834 0.0600190 0.0612983 0.0538707 0.0568035 0.0630069 0.0650332 0.0749175 0.0646483 0.0607940 0.0584722 0.0509347 0.0553618 0.0554519 0.0518914 0.0583736 0.0553916 0.0568597 0.0597485 0.0629741 0.0613682 0.0645978 0.0615513 0.0695176 0.0719240 0.0628326 0.0645082 0.0656371 0.0603107 0.0629741 0.0642045 0.0660982 0.0719283 0.0627371 0.0640819 0.0598834 0.0616508 0.0673143 0.0582784 
KC297465.1 0.0742276 0.0255730 0.0721736 0.0478225 0.0000000 0.0145465 0.0169994 0.0181453 0.0170402 0.0206765 0.0193714 0.0158186 0.0344225 0.0332162 0.0303331 0.0788473 0.0099660 0.0344372 0.0243564 0.0146929 0.0170004 0.0789953 0.0293424 0.0218119 0.0206221 0.0146580 0.0331833 0.0193666 0.0228837 0.0789100 0.0195319 0.0790815 0.0243423 0.0307153 0.0355398 0.0369259 0.0241863 0.0169349 0.0858630 0.0158046 0.0088490 0.0333724 0.0111015 0.0194591 0.0254172 0.0460072 0.0333724 0.0158257 0.0356523 0.0182645 0.0561849 0.0099754 0.0346547 0.0332553 0.0356804 0.0278618 0.0357134 0.0372990 0.0158186 0.0099754 0.0157310 0.0268690 0.0277665 0.0158186 0.0205248 0.0265435 0.0065858 0.0347006 0.0158662 0.0216408 0.0158186 0.0157168 0.0158186 0.0204330 0.0229068 0.0352654 0.0313370 0.0328524 0.0277007 0.0366115 0.0391277 0.0352482 0.0304333 0.0327283 0.0380072 0.0277468 0.0303052 0.0253511 0.0378856 0.0379394 0.0240758 0.0277436 0.0314973 0.0391655 0.0264699 0.0289855 0.0442992 0.0379175 0.0406458 0.0341042 0.0498651 0.0340063 0.0365291 0.0315435 0.0459193 0.0314114 0.0380379 0.0456823 0.0544358 0.0403187 0.0376898 0.0443393 0.0457949 0.0393232 0.0340206 
KC297476.1 0.0734506 0.0277432 0.0730164 0.0500668 0.0145465 0.0000000 0.0181267 0.0204478 0.0134922 0.0170535 0.0181359 0.0123016 0.0365843 0.0379272 0.0302335 0.0796490 0.0043628 0.0366000 0.0230736 0.0205411 0.0134611 0.0797972 0.0292454 0.0205548 0.0193736 0.0111604 0.0353495 0.0134642 0.0204279 0.0797117 0.0267484 0.0798834 0.0218435 0.0306133 0.0379673 0.0393683 0.0181507 0.0180579 0.0866215 0.0145986 0.0099522 0.0304635 0.0054675 0.0112167 0.0169848 0.0486863 0.0304635 0.0123079 0.0304969 0.0193994 0.0588233 0.0110804 0.0317175 0.0303583 0.0392347 0.0253318 0.0378735 0.0367945 0.0146115 0.0065829 0.0077087 0.0292529 0.0276758 0.0123016 0.0199417 0.0264569 0.0076924 0.0317589 0.0146551 0.0133968 0.0123016 0.0077018 0.0123016 0.0122384 0.0228323 0.0265058 0.0227566 0.0265825 0.0192337 0.0277846 0.0302204 0.0264926 0.0242116 0.0275061 0.0291084 0.0199340 0.0241108 0.0192955 0.0290146 0.0290548 0.0157325 0.0216351 0.0252810 0.0302503 0.0180498 0.0204566 0.0352140 0.0290383 0.0291529 0.0278018 0.0369753 0.0301807 0.0302247 0.0258566 0.0367222 0.0252493 0.0283772 0.0365354 0.0422423 0.0313884 0.0288673 0.0327342 0.0391789 0.0295845 0.0252989 
KC297480.1 0.0729866 0.0245125 0.0709373 0.0451216 0.0169994 0.0181267 0.0000000 0.0170539 0.0088426 0.0122755 0.0088137 0.0076851 0.0333801 0.0347234 0.0267746 0.0776146 0.0134532 0.0333944 0.0183016 0.0183115 0.0088099 0.0777608 0.0257644 0.0110984 0.0099682 0.0065738 0.0346887 0.0230708 0.0194062 0.0776766 0.0244979 0.0778461 0.0232447 0.0258794 0.0344536 0.0358381 0.0133633 0.0111894 0.0846323 0.0054576 0.0100290 0.0322712 0.0146126 0.0231828 0.0267764 0.0433346 0.0322712 0.0099348 0.0345629 0.0205839 0.0486627 0.0111662 0.0335556 0.0321586 0.0346416 0.0243251 0.0346738 0.0346878 0.0054623 0.0134661 0.0193407 0.0257712 0.0242426 0.0076851 0.0147143 0.0230302 0.0123025 0.0335993 0.0054785 0.0229524 0.0076851 0.0217034 0.0076851 0.0217312 0.0194260 0.0354352 0.0327466 0.0342889 0.0290756 0.0355312 0.0380510 0.0354179 0.0343762 0.0393100 0.0381922 0.0291243 0.0342300 0.0242636 0.0368067 0.0368591 0.0254143 0.0291210 0.0379879 0.0380880 0.0278316 0.0303763 0.0432284 0.0394068 0.0421688 0.0355537 0.0528129 0.0379994 0.0406323 0.0329639 0.0448438 0.0353949 0.0395328 0.0446115 0.0505593 0.0418273 0.0391683 0.0432675 0.0447221 0.0408313 0.0354660 
HQ699296.1 0.0674983 0.0206632 0.0655259 0.0418712 0.0181453 0.0204478 0.0170539 0.0000000 0.0159086 0.0231651 0.0194351 0.0182277 0.0293063 0.0306106 0.0181384 0.0720363 0.0157398 0.0293184 0.0220001 0.0194706 0.0194262 0.0721706 0.0171030 0.0218844 0.0206904 0.0170527 0.0305804 0.0254458 0.0134080 0.0689095 0.0256815 0.0722495 0.0242426 0.0183608 0.0279044 0.0292255 0.0206372 0.0169900 0.0788702 0.0135226 0.0134484 0.0282046 0.0169069 0.0255698 0.0316727 0.0401405 0.0282046 0.0206187 0.0279906 0.0255755 0.0503627 0.0145998 0.0294571 0.0281068 0.0305397 0.0181386 0.0305676 0.0316747 0.0158692 0.0169295 0.0216746 0.0194864 0.0157417 0.0182277 0.0134267 0.0145804 0.0157478 0.0294956 0.0159181 0.0277529 0.0182277 0.0240524 0.0182277 0.0265068 0.0180729 0.0404586 0.0377042 0.0367488 0.0339822 0.0392999 0.0418469 0.0378763 0.0368428 0.0417994 0.0432858 0.0340391 0.0392440 0.0266457 0.0405906 0.0406487 0.0302631 0.0340357 0.0379007 0.0418870 0.0327155 0.0353140 0.0470856 0.0406252 0.0433989 0.0405967 0.0540709 0.0366548 0.0418521 0.0354103 0.0460824 0.0378525 0.0407549 0.0511631 0.0532373 0.0456605 0.0416484 0.0457879 0.0473030 0.0420569 0.0366706 
KC297424.1 0.0748753 0.0233342 0.0727993 0.0452979 0.0170402 0.0134922 0.0088426 0.0159086 0.0000000 0.0111737 0.0065929 0.0077142 0.0294467 0.0307578 0.0255985 0.0795346 0.0089010 0.0294589 0.0159727 0.0183560 0.0088433 0.0796849 0.0245808 0.0111408 0.0077327 0.0065986 0.0307273 0.0183181 0.0158930 0.0795982 0.0245576 0.0797724 0.0220718 0.0259202 0.0332524 0.0346301 0.0134144 0.0135465 0.0866161 0.0054781 0.0100526 0.0310626 0.0123316 0.0160008 0.0243870 0.0403521 0.0310626 0.0099726 0.0333578 0.0206338 0.0501411 0.0111926 0.0323426 0.0309541 0.0306862 0.0231557 0.0307145 0.0348198 0.0054828 0.0111926 0.0146782 0.0245873 0.0230773 0.0077142 0.0159168 0.0218682 0.0123316 0.0323857 0.0054992 0.0206051 0.0077142 0.0170064 0.0077142 0.0193946 0.0158084 0.0304428 0.0303344 0.0318473 0.0266839 0.0356206 0.0381470 0.0304277 0.0319280 0.0342949 0.0331269 0.0267285 0.0317923 0.0218976 0.0342989 0.0369521 0.0230463 0.0267253 0.0355288 0.0355701 0.0254493 0.0279710 0.0433385 0.0395067 0.0422765 0.0331035 0.0502428 0.0406744 0.0407353 0.0330463 0.0449589 0.0329558 0.0396333 0.0447254 0.0507660 0.0419333 0.0367077 0.0407680 0.0448366 0.0409353 0.0355550 
KC297482.1 0.0814570 0.0309209 0.0793093 0.0511673 0.0206765 0.0170535 0.0122755 0.0231651 0.0111737 0.0000000 0.0122818 0.0066098 0.0387687 0.0401561 0.0319390 0.0861752 0.0146988 0.0387860 0.0220310 0.0244863 0.0077352 0.0863383 0.0309443 0.0146225 0.0134703 0.0054969 0.0401157 0.0244339 0.0219292 0.0862439 0.0309019 0.0864323 0.0270990 0.0323458 0.0411458 0.0425908 0.0145996 0.0195026 0.0934036 0.0088492 0.0158914 0.0363549 0.0182285 0.0245527 0.0306837 0.0478364 0.0363549 0.0088615 0.0386615 0.0243419 0.0559349 0.0170613 0.0348243 0.0362263 0.0400600 0.0281804 0.0400977 0.0404072 0.0088570 0.0147130 0.0206542 0.0322239 0.0305727 0.0066098 0.0231769 0.0293236 0.0158700 0.0377163 0.0088836 0.0267547 0.0066098 0.0206354 0.0066098 0.0255047 0.0243829 0.0395086 0.0367470 0.0383529 0.0330081 0.0370355 0.0395818 0.0394894 0.0384521 0.0408536 0.0423428 0.0330638 0.0382870 0.0281088 0.0383250 0.0383800 0.0292734 0.0330603 0.0395157 0.0396204 0.0317367 0.0343434 0.0448161 0.0383577 0.0408439 0.0396439 0.0517843 0.0421282 0.0421917 0.0395729 0.0464593 0.0394650 0.0410870 0.0462168 0.0550851 0.0433965 0.0433095 0.0448572 0.0463319 0.0423997 0.0369669 
HQ699307.1 0.0796540 0.0269955 0.0775288 0.0496003 0.0193714 0.0181359 0.0088137 0.0194351 0.0065929 0.0122818 0.0000000 0.0076890 0.0359591 0.0373202 0.0292616 0.0843499 0.0134602 0.0359747 0.0183111 0.0207150 0.0088144 0.0845093 0.0282611 0.0111040 0.0010832 0.0065772 0.0372829 0.0230825 0.0194161 0.0844172 0.0269786 0.0846014 0.0257106 0.0296317 0.0370280 0.0384333 0.0156754 0.0158533 0.0915288 0.0054604 0.0123251 0.0348533 0.0169529 0.0207396 0.0292637 0.0477514 0.0348533 0.0099399 0.0371464 0.0229960 0.0542077 0.0134731 0.0361498 0.0347301 0.0372318 0.0267873 0.0372666 0.0389316 0.0054651 0.0134731 0.0193506 0.0282685 0.0266955 0.0076890 0.0194450 0.0254710 0.0146190 0.0361981 0.0054813 0.0253853 0.0076890 0.0217143 0.0076890 0.0241496 0.0218302 0.0354004 0.0352741 0.0368515 0.0290472 0.0381047 0.0406468 0.0353831 0.0369460 0.0393290 0.0381544 0.0316246 0.0367884 0.0267195 0.0367704 0.0394488 0.0278754 0.0316212 0.0405791 0.0380504 0.0303142 0.0328901 0.0458737 0.0420199 0.0448179 0.0381288 0.0528372 0.0431883 0.0432532 0.0380614 0.0475213 0.0379579 0.0421546 0.0472742 0.0561428 0.0444541 0.0417643 0.0459159 0.0473911 0.0434655 0.0380344 
KC297439.1 0.0762435 0.0257311 0.0741581 0.0465962 0.0158186 0.0123016 0.0076851 0.0182277 0.0077142 0.0066098 0.0076890 0.0000000 0.0346392 0.0359904 0.0279931 0.0809030 0.0100099 0.0346541 0.0171061 0.0194953 0.0032615 0.0810556 0.0269883 0.0099588 0.0088342 0.0010816 0.0359544 0.0194550 0.0182099 0.0809675 0.0257148 0.0811442 0.0220159 0.0283462 0.0357099 0.0371036 0.0099428 0.0146692 0.0879967 0.0043531 0.0111653 0.0309818 0.0134473 0.0195475 0.0255354 0.0447890 0.0309818 0.0043591 0.0332716 0.0193821 0.0500072 0.0123070 0.0322594 0.0308740 0.0359054 0.0230974 0.0359388 0.0360862 0.0043568 0.0100194 0.0158017 0.0269954 0.0254461 0.0000010 0.0182370 0.0242286 0.0111506 0.0323012 0.0043697 0.0217397 0.0021676 0.0157873 0.0021676 0.0205260 0.0206089 0.0341528 0.0314838 0.0330081 0.0278296 0.0317266 0.0342132 0.0341360 0.0330917 0.0354569 0.0368891 0.0278761 0.0329513 0.0230390 0.0329839 0.0330303 0.0241867 0.0278728 0.0341569 0.0342469 0.0265925 0.0291210 0.0393172 0.0355434 0.0382521 0.0342662 0.0460853 0.0367028 0.0367573 0.0342068 0.0408850 0.0341135 0.0356565 0.0406744 0.0492524 0.0379435 0.0378693 0.0393518 0.0407756 0.0369367 0.0316687 
KC297489.1 0.0719160 0.0239901 0.0683371 0.0396472 0.0344225 0.0365843 0.0333801 0.0293063 0.0294467 0.0387687 0.0359591 0.0346392 0.0000000 0.0120450 0.0396017 0.0748715 0.0318171 0.0109077 0.0388616 0.0386206 0.0359410 0.0750105 0.0386402 0.0386464 0.0373641 0.0333778 0.0120338 0.0424343 0.0342960 0.0749305 0.0455169 0.0750919 0.0385361 0.0401118 0.0450831 0.0465580 0.0346886 0.0332465 0.0817324 0.0320618 0.0293713 0.0290857 0.0330779 0.0426520 0.0425385 0.0420796 0.0290857 0.0372294 0.0479071 0.0400302 0.0631131 0.0306076 0.0303273 0.0289859 0.0021376 0.0319264 0.0010642 0.0325991 0.0295675 0.0331246 0.0382617 0.0360565 0.0368850 0.0346392 0.0290664 0.0356074 0.0318329 0.0303666 0.0321941 0.0448446 0.0346392 0.0408155 0.0346392 0.0434837 0.0291134 0.0544905 0.0542131 0.0505953 0.0502514 0.0505840 0.0532590 0.0544655 0.0548148 0.0567120 0.0575691 0.0498589 0.0532312 0.0437204 0.0519433 0.0520206 0.0475770 0.0476467 0.0545107 0.0533084 0.0488840 0.0517138 0.0615721 0.0574948 0.0577302 0.0574535 0.0655746 0.0559255 0.0559303 0.0527315 0.0605991 0.0516383 0.0571522 0.0659293 0.0668314 0.0572530 0.0529968 0.0602035 0.0632443 0.0585332 0.0532084 
KC297490.1 0.0736782 0.0276679 0.0700653 0.0439136 0.0332162 0.0379272 0.0347234 0.0306106 0.0307578 0.0401561 0.0373202 0.0359904 0.0120450 0.0000000 0.0409796 0.0766488 0.0331386 0.0032179 0.0389538 0.0400022 0.0373013 0.0767915 0.0400224 0.0400289 0.0387386 0.0347210 0.0043029 0.0438376 0.0356324 0.0767093 0.0469534 0.0768749 0.0399140 0.0415093 0.0465034 0.0479921 0.0360418 0.0345838 0.0835644 0.0333944 0.0306788 0.0328763 0.0344078 0.0440635 0.0439462 0.0463558 0.0328763 0.0385984 0.0493508 0.0414249 0.0618018 0.0319227 0.0341383 0.0327627 0.0143385 0.0332527 0.0131776 0.0367185 0.0308844 0.0344567 0.0396291 0.0374216 0.0382396 0.0359904 0.0303589 0.0369536 0.0331551 0.0341829 0.0335327 0.0462580 0.0359904 0.0421992 0.0359904 0.0448866 0.0304081 0.0559729 0.0556875 0.0520571 0.0517025 0.0547898 0.0575036 0.0559473 0.0563079 0.0581975 0.0590795 0.0512967 0.0547089 0.0451318 0.0561700 0.0562544 0.0490104 0.0490826 0.0587671 0.0575559 0.0503255 0.0531775 0.0659457 0.0618125 0.0620661 0.0589614 0.0699943 0.0602059 0.0602121 0.0541924 0.0649848 0.0530999 0.0614403 0.0703780 0.0684202 0.0615514 0.0544667 0.0645593 0.0676585 0.0628420 0.0574485 
HQ699292.1 0.0808254 0.0305568 0.0786972 0.0507812 0.0303331 0.0302335 0.0267746 0.0181384 0.0255985 0.0319390 0.0292616 0.0279931 0.0396017 0.0409796 0.0000000 0.0855102 0.0253197 0.0396192 0.0320137 0.0318189 0.0292475 0.0856711 0.0076865 0.0318401 0.0305993 0.0267726 0.0409388 0.0355201 0.0088056 0.0822575 0.0333017 0.0857639 0.0292557 0.0111750 0.0327327 0.0340864 0.0305189 0.0266699 0.0926821 0.0255106 0.0229477 0.0385062 0.0265371 0.0344222 0.0420306 0.0489260 0.0385062 0.0304910 0.0303411 0.0357079 0.0647651 0.0241437 0.0398129 0.0383702 0.0408825 0.0228008 0.0409205 0.0414901 0.0255337 0.0265736 0.0315290 0.0194036 0.0180033 0.0279931 0.0229095 0.0168357 0.0253324 0.0398661 0.0256138 0.0378779 0.0279931 0.0340000 0.0279931 0.0365698 0.0228648 0.0511465 0.0482326 0.0473213 0.0443769 0.0499783 0.0526215 0.0511229 0.0474460 0.0525588 0.0541444 0.0444519 0.0499058 0.0367651 0.0513212 0.0513967 0.0405082 0.0444484 0.0511631 0.0526699 0.0430529 0.0457846 0.0553340 0.0513663 0.0542926 0.0513299 0.0653952 0.0498611 0.0526267 0.0459082 0.0543514 0.0484286 0.0515323 0.0595530 0.0646272 0.0565687 0.0523652 0.0540011 0.0555908 0.0528867 0.0472216 
KC297466.1 0.0207329 0.0697754 0.0130939 0.0654863 0.0788473 0.0796490 0.0776146 0.0720363 0.0795346 0.0861752 0.0843499 0.0809030 0.0748715 0.0766488 0.0855102 0.0000000 0.0785222 0.0749174 0.0816715 0.0794309 0.0809387 0.0046064 0.0830068 0.0827957 0.0846573 0.0792980 0.0733563 0.0891851 0.0800609 0.0046032 0.0862818 0.0022899 0.0859379 0.0811087 0.0789833 0.0792683 0.0760575 0.0772514 0.0105371 0.0792120 0.0721101 0.0752625 0.0801472 0.0932303 0.0879282 0.0712068 0.0752625 0.0809387 0.0878503 0.0780361 0.0425833 0.0736747 0.0749609 0.0749609 0.0783209 0.0690672 0.0765184 0.0538416 0.0760229 0.0802852 0.0853137 0.0728937 0.0767476 0.0809030 0.0700801 0.0751412 0.0785571 0.0770035 0.0795868 0.0888859 0.0809030 0.0801982 0.0809030 0.0871023 0.0784582 0.0943714 0.0903040 0.0910238 0.0923662 0.0874557 0.0907313 0.0943333 0.0942974 0.1076802 0.0962044 0.0935669 0.0893052 0.0841668 0.0891279 0.0892843 0.0890307 0.0891495 0.0858266 0.0908063 0.0871226 0.0942970 0.0993162 0.0995967 0.0944500 0.1017255 0.1027181 0.0940679 0.0994506 0.0973325 0.0983808 0.0908894 0.0975701 0.1003751 0.1011728 0.0956879 0.0919406 0.0976727 0.0997843 0.0976085 0.0923777 
KC297464.1 0.0707074 0.0230801 0.0718743 0.0447411 0.0099660 0.0043628 0.0134532 0.0157398 0.0089010 0.0146988 0.0134602 0.0100099 0.0318171 0.0331386 0.0253197 0.0785222 0.0000000 0.0318304 0.0182661 0.0158108 0.0111564 0.0786691 0.0243123 0.0158214 0.0146605 0.0088795 0.0305901 0.0088830 0.0157246 0.0785844 0.0218677 0.0787547 0.0194378 0.0256353 0.0328844 0.0342451 0.0157954 0.0134037 0.0855106 0.0100011 0.0054717 0.0282135 0.0032626 0.0089240 0.0146389 0.0429723 0.0282135 0.0100151 0.0304817 0.0146797 0.0559656 0.0065795 0.0294664 0.0281157 0.0330615 0.0229046 0.0330919 0.0344020 0.0100099 0.0021715 0.0054762 0.0243187 0.0228280 0.0100099 0.0157478 0.0216324 0.0032626 0.0295050 0.0100402 0.0111024 0.0100099 0.0076979 0.0100099 0.0099588 0.0180782 0.0240711 0.0203709 0.0241401 0.0168790 0.0277707 0.0302055 0.0240590 0.0217868 0.0240847 0.0266357 0.0169067 0.0216965 0.0169330 0.0290002 0.0290403 0.0134117 0.0192529 0.0252683 0.0302354 0.0157081 0.0180852 0.0351969 0.0290238 0.0316244 0.0253474 0.0405212 0.0301658 0.0302097 0.0228926 0.0367043 0.0228301 0.0291147 0.0365176 0.0422220 0.0313729 0.0264156 0.0327181 0.0391600 0.0303551 0.0252863 
KC297429.1 0.0719595 0.0264133 0.0683774 0.0424453 0.0344372 0.0366000 0.0333944 0.0293184 0.0294589 0.0387860 0.0359747 0.0346541 0.0109077 0.0032179 0.0396192 0.0749174 0.0318304 0.0000000 0.0375885 0.0386377 0.0359566 0.0750566 0.0386573 0.0386635 0.0373806 0.0333920 0.0032150 0.0424536 0.0343106 0.0749765 0.0455381 0.0751381 0.0385531 0.0401298 0.0451039 0.0465798 0.0347036 0.0332607 0.0817848 0.0320753 0.0293835 0.0315795 0.0330919 0.0426715 0.0425579 0.0448824 0.0315795 0.0372457 0.0479297 0.0400482 0.0602767 0.0306203 0.0328336 0.0314707 0.0131854 0.0319399 0.0120338 0.0353058 0.0295798 0.0331386 0.0382784 0.0360723 0.0369010 0.0346541 0.0290783 0.0356228 0.0318463 0.0328763 0.0322078 0.0448652 0.0346541 0.0408337 0.0346541 0.0435034 0.0291253 0.0545172 0.0542395 0.0506197 0.0502753 0.0533358 0.0560345 0.0544922 0.0548419 0.0567400 0.0575981 0.0498824 0.0532572 0.0437404 0.0547079 0.0547898 0.0475992 0.0476691 0.0572932 0.0560858 0.0489071 0.0517388 0.0644272 0.0603156 0.0605628 0.0574824 0.0684577 0.0587229 0.0587286 0.0527569 0.0634626 0.0516632 0.0599540 0.0688310 0.0668675 0.0600614 0.0530225 0.0630477 0.0661250 0.0613477 0.0559811 
HQ699305.1 0.0786176 0.0297253 0.0764901 0.0455524 0.0243564 0.0230736 0.0183016 0.0220001 0.0159727 0.0220310 0.0183111 0.0171061 0.0388616 0.0389538 0.0320137 0.0816715 0.0182661 0.0375885 0.0000000 0.0257742 0.0183026 0.0818268 0.0310161 0.0207548 0.0195618 0.0159330 0.0389156 0.0281961 0.0219792 0.0784138 0.0322447 0.0819169 0.0309347 0.0324225 0.0373294 0.0387476 0.0255782 0.0207470 0.0888379 0.0147383 0.0171061 0.0377499 0.0218558 0.0283358 0.0320162 0.0495714 0.0377499 0.0194948 0.0373936 0.0246023 0.0580454 0.0182838 0.0390703 0.0376148 0.0401561 0.0294944 0.0401940 0.0406285 0.0147514 0.0182838 0.0243302 0.0284522 0.0293915 0.0171061 0.0244509 0.0281451 0.0194584 0.0391232 0.0147970 0.0280501 0.0171061 0.0267552 0.0171061 0.0267899 0.0268994 0.0409008 0.0381131 0.0397416 0.0343497 0.0410159 0.0436012 0.0408810 0.0372461 0.0422576 0.0437627 0.0344079 0.0370860 0.0294193 0.0423266 0.0423880 0.0305889 0.0344044 0.0435279 0.0436431 0.0330686 0.0356974 0.0489214 0.0450038 0.0478628 0.0410420 0.0560252 0.0461844 0.0462545 0.0409679 0.0506182 0.0408562 0.0451495 0.0503520 0.0594200 0.0474706 0.0447266 0.0489677 0.0491495 0.0464837 0.0409394 
HQ699290.1 0.0747778 0.0295447 0.0727052 0.0481593 0.0146929 0.0205411 0.0183115 0.0194706 0.0183560 0.0244863 0.0207150 0.0194953 0.0386206 0.0400022 0.0318189 0.0794309 0.0158108 0.0386377 0.0257742 0.0000000 0.0207054 0.0795809 0.0308271 0.0231899 0.0219855 0.0183102 0.0373555 0.0255639 0.0242678 0.0794944 0.0077716 0.0796682 0.0282405 0.0322236 0.0370996 0.0385081 0.0280575 0.0182422 0.0865020 0.0171000 0.0123470 0.0349201 0.0169834 0.0256890 0.0305659 0.0463281 0.0333913 0.0195043 0.0372184 0.0244547 0.0580794 0.0134971 0.0362203 0.0347974 0.0399068 0.0268374 0.0399442 0.0375538 0.0171153 0.0158250 0.0217739 0.0283221 0.0292140 0.0194953 0.0218808 0.0279755 0.0146452 0.0362678 0.0171684 0.0266527 0.0194953 0.0217540 0.0194953 0.0254075 0.0242923 0.0393578 0.0366072 0.0382059 0.0328821 0.0394670 0.0420253 0.0393387 0.0357341 0.0381168 0.0421806 0.0329374 0.0355816 0.0280012 0.0407635 0.0408221 0.0291616 0.0329340 0.0367983 0.0420657 0.0316156 0.0342121 0.0472878 0.0434101 0.0462322 0.0394920 0.0543061 0.0393766 0.0446496 0.0368519 0.0489557 0.0364746 0.0422561 0.0487002 0.0576481 0.0458558 0.0431448 0.0473318 0.0488206 0.0421747 0.0393939 
KC297422.1 0.0762783 0.0269825 0.0741922 0.0466204 0.0170004 0.0134611 0.0088099 0.0194262 0.0088433 0.0077352 0.0088144 0.0032615 0.0359410 0.0373013 0.0292475 0.0809387 0.0111564 0.0359566 0.0183026 0.0207054 0.0000000 0.0810914 0.0282474 0.0110992 0.0099690 0.0021699 0.0372641 0.0206623 0.0194071 0.0810033 0.0269656 0.0811801 0.0232456 0.0296172 0.0370095 0.0384139 0.0110813 0.0158461 0.0880340 0.0054581 0.0123197 0.0322714 0.0146135 0.0207609 0.0267771 0.0448123 0.0322714 0.0054656 0.0345628 0.0205848 0.0514069 0.0134671 0.0335557 0.0321588 0.0372130 0.0243260 0.0372477 0.0361054 0.0054628 0.0111670 0.0169821 0.0282548 0.0266828 0.0032615 0.0194361 0.0254589 0.0123034 0.0335994 0.0054790 0.0229533 0.0032615 0.0169667 0.0032615 0.0217322 0.0218200 0.0354350 0.0327468 0.0342889 0.0290761 0.0330002 0.0354984 0.0354177 0.0343761 0.0367474 0.0381916 0.0291248 0.0342300 0.0242645 0.0342638 0.0343122 0.0254151 0.0291215 0.0354398 0.0355332 0.0278322 0.0303767 0.0406277 0.0368374 0.0395643 0.0355535 0.0474356 0.0379988 0.0380554 0.0354914 0.0422116 0.0353947 0.0369548 0.0419937 0.0506305 0.0392447 0.0391675 0.0406638 0.0420982 0.0382413 0.0329398 
KC297468.1 0.0207667 0.0699041 0.0131146 0.0656074 0.0789953 0.0797972 0.0777608 0.0721706 0.0796849 0.0863383 0.0845093 0.0810556 0.0750105 0.0767915 0.0856711 0.0046064 0.0786691 0.0750566 0.0818268 0.0795809 0.0810914 0.0000000 0.0831641 0.0829523 0.0848178 0.0794475 0.0734925 0.0893534 0.0802106 0.0022777 0.0864453 0.0046180 0.0861002 0.0812621 0.0791316 0.0794176 0.0762008 0.0773963 0.0081117 0.0793613 0.0755834 0.0754030 0.0802972 0.0934072 0.0880949 0.0713381 0.0754030 0.0810914 0.0880165 0.0814982 0.0426571 0.0771662 0.0751003 0.0751003 0.0784669 0.0691960 0.0766607 0.0539385 0.0761661 0.0804357 0.0854740 0.0730308 0.0768907 0.0810556 0.0702099 0.0752812 0.0787042 0.0771475 0.0797374 0.0890534 0.0810556 0.0803484 0.0810556 0.0872662 0.0786048 0.0945497 0.0904737 0.0911959 0.0925404 0.0876208 0.0909025 0.0945115 0.0944755 0.1078820 0.0963864 0.0937423 0.0894741 0.0843256 0.0892961 0.0894531 0.0891986 0.0893179 0.0859886 0.0909777 0.0907915 0.0944751 0.0995035 0.0997850 0.0946286 0.1019182 0.1029113 0.0942452 0.0996383 0.0975153 0.0985675 0.0944751 0.0977539 0.1005635 0.1013662 0.0958682 0.0921133 0.0978572 0.0999731 0.0977924 0.0925519 
HQ699291.1 0.0760643 0.0268821 0.0739856 0.0464983 0.0293424 0.0292454 0.0257644 0.0171030 0.0245808 0.0309443 0.0282611 0.0269883 0.0386402 0.0400224 0.0076865 0.0830068 0.0243123 0.0386573 0.0310161 0.0308271 0.0282474 0.0831641 0.0000000 0.0308479 0.0269189 0.0257625 0.0399823 0.0345466 0.0077483 0.0797500 0.0374667 0.0832551 0.0332921 0.0077784 0.0317548 0.0303945 0.0295232 0.0256632 0.0901765 0.0244968 0.0219292 0.0375350 0.0255345 0.0334393 0.0410829 0.0479283 0.0375350 0.0294961 0.0281059 0.0347301 0.0638904 0.0231303 0.0388473 0.0374015 0.0399269 0.0217881 0.0399644 0.0373801 0.0245181 0.0255698 0.0305446 0.0171765 0.0169758 0.0269883 0.0218926 0.0158040 0.0243247 0.0388996 0.0245957 0.0369186 0.0269883 0.0330264 0.0269883 0.0356059 0.0242693 0.0502418 0.0473189 0.0463966 0.0434447 0.0490652 0.0517208 0.0502184 0.0492075 0.0516590 0.0532486 0.0435186 0.0489935 0.0357973 0.0504142 0.0504888 0.0395588 0.0435151 0.0502577 0.0517689 0.0421154 0.0448568 0.0544456 0.0504587 0.0533949 0.0504227 0.0645477 0.0489495 0.0517261 0.0449789 0.0534531 0.0475123 0.0506229 0.0586820 0.0637689 0.0556874 0.0514676 0.0531061 0.0547001 0.0519835 0.0462979 
KC297440.1 0.0781094 0.0295646 0.0759991 0.0481937 0.0218119 0.0205548 0.0110984 0.0218844 0.0111408 0.0146225 0.0111040 0.0099588 0.0386464 0.0400289 0.0318401 0.0827957 0.0158214 0.0386635 0.0207548 0.0231899 0.0110992 0.0829523 0.0308479 0.0000000 0.0122798 0.0088342 0.0373806 0.0255810 0.0218627 0.0828619 0.0295463 0.0830430 0.0282595 0.0322454 0.0371243 0.0385337 0.0157137 0.0182545 0.0899464 0.0077008 0.0146746 0.0349437 0.0193563 0.0257063 0.0318426 0.0463611 0.0349437 0.0122384 0.0372433 0.0230538 0.0571602 0.0158357 0.0362447 0.0348208 0.0399334 0.0268554 0.0399709 0.0375808 0.0077075 0.0158357 0.0217884 0.0283412 0.0292335 0.0099588 0.0194937 0.0279941 0.0169948 0.0362923 0.0077306 0.0279001 0.0099588 0.0217686 0.0099588 0.0266471 0.0243086 0.0406766 0.0353645 0.0395233 0.0341638 0.0382034 0.0407524 0.0406570 0.0396256 0.0420251 0.0435205 0.0342214 0.0394557 0.0292609 0.0394947 0.0395514 0.0304243 0.0342179 0.0406844 0.0407918 0.0328901 0.0355033 0.0459936 0.0421295 0.0449356 0.0408162 0.0529769 0.0433008 0.0433660 0.0407429 0.0476466 0.0406323 0.0422649 0.0473982 0.0562930 0.0445699 0.0431109 0.0460361 0.0475157 0.0435793 0.0381328 
HQ699287.1 0.0776786 0.0256651 0.0755822 0.0479381 0.0206221 0.0193736 0.0099682 0.0206904 0.0077327 0.0134703 0.0010832 0.0088342 0.0373641 0.0387386 0.0305993 0.0846573 0.0146605 0.0373806 0.0195618 0.0219855 0.0099690 0.0848178 0.0269189 0.0122798 0.0000000 0.0077142 0.0386998 0.0243690 0.0206700 0.0847250 0.0283071 0.0849105 0.0270273 0.0282728 0.0384333 0.0370059 0.0168851 0.0170778 0.0918652 0.0065872 0.0135181 0.0362558 0.0181808 0.0220119 0.0306016 0.0493741 0.0362558 0.0111032 0.0385569 0.0242775 0.0557802 0.0146746 0.0375637 0.0361280 0.0386464 0.0281052 0.0386826 0.0373864 0.0065929 0.0146746 0.0205999 0.0296092 0.0280082 0.0088342 0.0207010 0.0267740 0.0158285 0.0376132 0.0066126 0.0266839 0.0088342 0.0229813 0.0088342 0.0254373 0.0231043 0.0367808 0.0366491 0.0382499 0.0303741 0.0395122 0.0420731 0.0367629 0.0383485 0.0407440 0.0395636 0.0329756 0.0381843 0.0280340 0.0381656 0.0408688 0.0291956 0.0329721 0.0420028 0.0394556 0.0316522 0.0342516 0.0473407 0.0434594 0.0462844 0.0395373 0.0543659 0.0446327 0.0447000 0.0394667 0.0490106 0.0393593 0.0435992 0.0487546 0.0577114 0.0459073 0.0431935 0.0473848 0.0488753 0.0449202 0.0394390 
KC297458.1 0.0746517 0.0245107 0.0725830 0.0451679 0.0146580 0.0111604 0.0065738 0.0170527 0.0065986 0.0054969 0.0065772 0.0010816 0.0333778 0.0347210 0.0267726 0.0792980 0.0088795 0.0333920 0.0159330 0.0183102 0.0021699 0.0794475 0.0257625 0.0088342 0.0077142 0.0000000 0.0346863 0.0182724 0.0170370 0.0793613 0.0244961 0.0795346 0.0208147 0.0271090 0.0344512 0.0358357 0.0088201 0.0135132 0.0863579 0.0032581 0.0100282 0.0297296 0.0123016 0.0183600 0.0243254 0.0433786 0.0297296 0.0032626 0.0320193 0.0182049 0.0486600 0.0111653 0.0310006 0.0296263 0.0346392 0.0218981 0.0346714 0.0347224 0.0032609 0.0088879 0.0146422 0.0257693 0.0242408 0.0010816 0.0170614 0.0230285 0.0100151 0.0310417 0.0032706 0.0205538 0.0010816 0.0146288 0.0010816 0.0193465 0.0194245 0.0329099 0.0302575 0.0317657 0.0266165 0.0304903 0.0329676 0.0328936 0.0318460 0.0342068 0.0356284 0.0266610 0.0317110 0.0218427 0.0317424 0.0317870 0.0229886 0.0266578 0.0329133 0.0330002 0.0253853 0.0279001 0.0380504 0.0342902 0.0369830 0.0330186 0.0447844 0.0354484 0.0355010 0.0329617 0.0396038 0.0328716 0.0343992 0.0394000 0.0479267 0.0366849 0.0366135 0.0380836 0.0394983 0.0356741 0.0304347 
KC297493.1 0.0704054 0.0276411 0.0668454 0.0410726 0.0331833 0.0353495 0.0346887 0.0305804 0.0307273 0.0401157 0.0372829 0.0359544 0.0120338 0.0043029 0.0409388 0.0733563 0.0305901 0.0032150 0.0389156 0.0373555 0.0372641 0.0734925 0.0399823 0.0373806 0.0386998 0.0346863 0.0000000 0.0411593 0.0355972 0.0734142 0.0442196 0.0735725 0.0398741 0.0414675 0.0437993 0.0452656 0.0334398 0.0345495 0.0801907 0.0333611 0.0281514 0.0278779 0.0318463 0.0413701 0.0412599 0.0435092 0.0278779 0.0359723 0.0439424 0.0361552 0.0617388 0.0293835 0.0291149 0.0277824 0.0143251 0.0306954 0.0131653 0.0339731 0.0308537 0.0318912 0.0370086 0.0348001 0.0382017 0.0359544 0.0278596 0.0369170 0.0306054 0.0291525 0.0334991 0.0435666 0.0359544 0.0369752 0.0359544 0.0422116 0.0303783 0.0531754 0.0502009 0.0492887 0.0489532 0.0492773 0.0519443 0.0531508 0.0534911 0.0553999 0.0562374 0.0485716 0.0519172 0.0424413 0.0506321 0.0507073 0.0462878 0.0463556 0.0531943 0.0519927 0.0475911 0.0504083 0.0602305 0.0561640 0.0563942 0.0561237 0.0642250 0.0546037 0.0546081 0.0514309 0.0592522 0.0503345 0.0558299 0.0645716 0.0625854 0.0559277 0.0516889 0.0588652 0.0618928 0.0572066 0.0518949 
KC297473.1 0.0827415 0.0332466 0.0838930 0.0554010 0.0193666 0.0134642 0.0230708 0.0254458 0.0183181 0.0244339 0.0230825 0.0194550 0.0424343 0.0438376 0.0355201 0.0891851 0.0088830 0.0424536 0.0281961 0.0255639 0.0206623 0.0893534 0.0345466 0.0255810 0.0243690 0.0182724 0.0411593 0.0000000 0.0254205 0.0892558 0.0319759 0.0894501 0.0294120 0.0359729 0.0408748 0.0423089 0.0255376 0.0229816 0.0964581 0.0194376 0.0146353 0.0387144 0.0123062 0.0183664 0.0243328 0.0534807 0.0387144 0.0194649 0.0410066 0.0244025 0.0666181 0.0157941 0.0400282 0.0385769 0.0437327 0.0329885 0.0437737 0.0444792 0.0194550 0.0111696 0.0146475 0.0345553 0.0328729 0.0194550 0.0254587 0.0316207 0.0123062 0.0400820 0.0195144 0.0205606 0.0194550 0.0169704 0.0194550 0.0193530 0.0278959 0.0341922 0.0302655 0.0342947 0.0253928 0.0380915 0.0406323 0.0341754 0.0318542 0.0342150 0.0369312 0.0266687 0.0291827 0.0267119 0.0393786 0.0394350 0.0229958 0.0291269 0.0354456 0.0406714 0.0253928 0.0279080 0.0458560 0.0394121 0.0421736 0.0355594 0.0487987 0.0405767 0.0406374 0.0329698 0.0475025 0.0328797 0.0395380 0.0472556 0.0533647 0.0392507 0.0366214 0.0419485 0.0500426 0.0408364 0.0354717 
HQ699294.1 0.0754485 0.0254805 0.0733895 0.0447188 0.0228837 0.0204279 0.0194062 0.0134080 0.0158930 0.0219292 0.0194161 0.0182099 0.0342960 0.0356324 0.0088056 0.0800609 0.0157246 0.0343106 0.0219792 0.0242678 0.0194071 0.0802106 0.0077483 0.0218627 0.0206700 0.0170370 0.0355972 0.0254205 0.0000000 0.0768685 0.0306222 0.0802977 0.0266559 0.0089112 0.0303023 0.0316393 0.0230213 0.0193319 0.0870761 0.0158396 0.0157536 0.0331996 0.0192371 0.0243216 0.0316407 0.0429513 0.0331996 0.0205984 0.0279212 0.0280111 0.0587085 0.0169131 0.0344751 0.0330837 0.0355491 0.0204566 0.0355819 0.0357363 0.0158537 0.0169131 0.0216534 0.0170655 0.0157035 0.0182099 0.0180637 0.0145451 0.0180690 0.0345206 0.0159025 0.0277253 0.0182099 0.0240288 0.0182099 0.0264806 0.0180289 0.0404169 0.0376658 0.0392705 0.0339478 0.0392594 0.0418035 0.0403975 0.0393714 0.0417561 0.0432406 0.0340046 0.0392036 0.0266191 0.0405486 0.0406066 0.0302327 0.0340012 0.0404246 0.0418435 0.0326825 0.0352781 0.0444085 0.0405831 0.0433535 0.0405547 0.0540127 0.0417463 0.0418087 0.0404824 0.0460337 0.0403731 0.0407126 0.0484400 0.0559237 0.0456127 0.0441960 0.0431225 0.0446131 0.0420131 0.0366331 
KC297450.1 0.0207469 0.0698302 0.0131023 0.0655379 0.0789100 0.0797117 0.0776766 0.0689095 0.0795982 0.0862439 0.0844172 0.0809675 0.0749305 0.0767093 0.0822575 0.0046032 0.0785844 0.0749765 0.0784138 0.0794944 0.0810033 0.0022777 0.0797500 0.0828619 0.0847250 0.0793613 0.0734142 0.0892558 0.0768685 0.0000000 0.0863507 0.0046138 0.0860063 0.0778742 0.0757860 0.0760588 0.0761183 0.0773128 0.0081043 0.0792752 0.0755021 0.0753221 0.0802106 0.0933043 0.0879983 0.0712626 0.0753221 0.0810033 0.0845630 0.0814093 0.0426145 0.0770831 0.0750201 0.0750201 0.0783828 0.0659589 0.0765788 0.0538828 0.0760836 0.0803489 0.0853813 0.0697309 0.0735880 0.0809675 0.0701353 0.0719941 0.0786194 0.0770645 0.0796506 0.0889563 0.0809675 0.0802618 0.0809675 0.0871713 0.0785203 0.0944459 0.0903752 0.0910960 0.0924392 0.0875252 0.0908031 0.0944078 0.0943719 0.1077631 0.0962803 0.0936403 0.0893762 0.0842338 0.0891986 0.0893553 0.0891013 0.0892203 0.0858949 0.0908782 0.0906924 0.0943714 0.0993940 0.0996749 0.0945246 0.1018053 0.1027980 0.0941421 0.0995286 0.0974086 0.0984584 0.0943714 0.0976467 0.1004533 0.1012530 0.0957631 0.0920130 0.0977495 0.0981804 0.0976851 0.0924507 
HQ699309.1 0.0815578 0.0361386 0.0794068 0.0542080 0.0195319 0.0267484 0.0244979 0.0256815 0.0245576 0.0309019 0.0269786 0.0257148 0.0455169 0.0469534 0.0333017 0.0862818 0.0218677 0.0455381 0.0322447 0.0077716 0.0269656 0.0864453 0.0374667 0.0295463 0.0283071 0.0244961 0.0442196 0.0319759 0.0306222 0.0863507 0.0000000 0.0865395 0.0322239 0.0389325 0.0439086 0.0453793 0.0332657 0.0244020 0.0935198 0.0232398 0.0183031 0.0417387 0.0230771 0.0321359 0.0371461 0.0522937 0.0401169 0.0257279 0.0427041 0.0308625 0.0657902 0.0194878 0.0430788 0.0415896 0.0468394 0.0320166 0.0468839 0.0432897 0.0232599 0.0218891 0.0280300 0.0348852 0.0357266 0.0257148 0.0281698 0.0344502 0.0206667 0.0431374 0.0233333 0.0330685 0.0257148 0.0267592 0.0257148 0.0317789 0.0306529 0.0461854 0.0433215 0.0423187 0.0394955 0.0449690 0.0475871 0.0461635 0.0424924 0.0449168 0.0491289 0.0382521 0.0423088 0.0344851 0.0462976 0.0463654 0.0356644 0.0395591 0.0422197 0.0476321 0.0381873 0.0408795 0.0529800 0.0503873 0.0533195 0.0463487 0.0602008 0.0462107 0.0516532 0.0436151 0.0547259 0.0431643 0.0492213 0.0544368 0.0603583 0.0528811 0.0500739 0.0530315 0.0545712 0.0491255 0.0448847 
KC297474.1 0.0207882 0.0699801 0.0131279 0.0656793 0.0790815 0.0798834 0.0778461 0.0722495 0.0797724 0.0864323 0.0846014 0.0811442 0.0750919 0.0768749 0.0857639 0.0022899 0.0787547 0.0751381 0.0819169 0.0796682 0.0811801 0.0046180 0.0832551 0.0830430 0.0849105 0.0795346 0.0735725 0.0894501 0.0802977 0.0046138 0.0865395 0.0000000 0.0861938 0.0813510 0.0792179 0.0795045 0.0762846 0.0774809 0.0105640 0.0794482 0.0723238 0.0754852 0.0803844 0.0935083 0.0881907 0.0714154 0.0754852 0.0811801 0.0881120 0.0815877 0.0427026 0.0738929 0.0751820 0.0751820 0.0785519 0.0692720 0.0767438 0.0539972 0.0762498 0.0805232 0.0855665 0.0731114 0.0769743 0.0811442 0.0702865 0.0753631 0.0787898 0.0772315 0.0798249 0.0891495 0.0811442 0.0804357 0.0811442 0.0873605 0.0786902 0.0946513 0.0905709 0.0912944 0.0926400 0.0877158 0.0910005 0.0946131 0.0945772 0.1079954 0.0964899 0.0938425 0.0895710 0.0844174 0.0893926 0.0895500 0.0892950 0.0894145 0.0860820 0.0910758 0.0873810 0.0945767 0.0996097 0.0998917 0.0947304 0.1020273 0.1030205 0.0943464 0.0997448 0.0976192 0.0986734 0.0945767 0.0978583 0.1006702 0.1014756 0.0959708 0.0922121 0.0979619 0.1000801 0.0978969 0.0926515 
HQ699298.1 0.0812322 0.0319985 0.0790917 0.0510334 0.0243423 0.0218435 0.0232447 0.0242426 0.0220718 0.0270990 0.0257106 0.0220159 0.0385361 0.0399140 0.0292557 0.0859379 0.0194378 0.0385531 0.0309347 0.0282405 0.0232456 0.0861002 0.0332921 0.0282595 0.0270273 0.0208147 0.0398741 0.0294120 0.0266559 0.0860063 0.0322239 0.0861938 0.0000000 0.0347079 0.0422033 0.0436486 0.0269563 0.0231550 0.0931453 0.0219959 0.0170970 0.0348454 0.0206335 0.0295580 0.0332475 0.0520978 0.0348454 0.0244682 0.0397268 0.0295653 0.0637068 0.0182740 0.0361414 0.0347222 0.0398191 0.0267821 0.0398563 0.0431314 0.0196005 0.0206616 0.0255254 0.0307698 0.0316394 0.0220159 0.0242549 0.0303922 0.0194477 0.0361897 0.0220851 0.0317565 0.0220159 0.0255021 0.0220159 0.0304765 0.0242430 0.0434869 0.0419432 0.0409985 0.0381399 0.0462587 0.0462153 0.0434661 0.0411054 0.0461615 0.0463854 0.0356420 0.0435478 0.0357020 0.0475919 0.0476617 0.0343334 0.0356385 0.0447932 0.0489308 0.0368409 0.0395120 0.0542957 0.0476335 0.0505249 0.0449393 0.0601746 0.0461506 0.0488902 0.0422265 0.0547034 0.0447353 0.0477878 0.0557595 0.0621371 0.0501106 0.0486475 0.0529600 0.0558967 0.0491325 0.0435294 
HQ699301.1 0.0742213 0.0282337 0.0721673 0.0481725 0.0307153 0.0306133 0.0258794 0.0183608 0.0259202 0.0323458 0.0296317 0.0283462 0.0401118 0.0415093 0.0111750 0.0811087 0.0256353 0.0401298 0.0324225 0.0322236 0.0296172 0.0812621 0.0077784 0.0322454 0.0282728 0.0271090 0.0414675 0.0359729 0.0089112 0.0778742 0.0389325 0.0813510 0.0347079 0.0000000 0.0331453 0.0317681 0.0309058 0.0270046 0.0882214 0.0258300 0.0232330 0.0390033 0.0268684 0.0348625 0.0412729 0.0496158 0.0390033 0.0308773 0.0307235 0.0361656 0.0642052 0.0244444 0.0403277 0.0388647 0.0414096 0.0230825 0.0414486 0.0389435 0.0258537 0.0269059 0.0319265 0.0196432 0.0182231 0.0283462 0.0219884 0.0170398 0.0256483 0.0403823 0.0259359 0.0370871 0.0283462 0.0344297 0.0283462 0.0357679 0.0255895 0.0504765 0.0475381 0.0466129 0.0436452 0.0492948 0.0519635 0.0504529 0.0467370 0.0532408 0.0534995 0.0437197 0.0492225 0.0359610 0.0506505 0.0507258 0.0397404 0.0437162 0.0504926 0.0520120 0.0423092 0.0450646 0.0547019 0.0506954 0.0536473 0.0506591 0.0662558 0.0491780 0.0519688 0.0451878 0.0537060 0.0477333 0.0508611 0.0575936 0.0640766 0.0559495 0.0517079 0.0533559 0.0549587 0.0522285 0.0465134 
